1 0.3762019230769231 0.34975961538461536 0.09975961538461539 0.07932692307692307
1 0.43990384615384615 0.36778846153846156 0.09254807692307693 0.11899038461538461
1 0.16826923076923078 0.39302884615384615 0.10096153846153846 0.11899038461538461
0 0.484375 0.4182692307692308 0.052884615384615384 0.08774038461538461
1 0.22956730769230768 0.4266826923076923 0.12860576923076922 0.1045673076923077
1 0.5564903846153846 0.4375 0.08413461538461539 0.12860576923076922
1 0.6694711538461539 0.4807692307692308 0.09254807692307693 0.14783653846153846
1 0.2956730769230769 0.4963942307692308 0.14543269230769232 0.14783653846153846
0 0.7536057692307693 0.5360576923076923 0.07451923076923077 0.14423076923076922
0 0.31850961538461536 0.6274038461538461 0.0889423076923077 0.11658653846153846
0 0.4026442307692308 0.7019230769230769 0.09495192307692307 0.14543269230769232
1 0.5300480769230769 0.7103365384615384 0.14543269230769232 0.22115384615384615
1 0.6730769230769231 0.7896634615384616 0.11778846153846154 0.30408653846153844
1 0.33774038461538464 0.29927884615384615 0.09375 0.07692307692307693
0 0.2920673076923077 0.30528846153846156 0.03485576923076923 0.04807692307692308