1 0.48197115384615385 0.3389423076923077 0.0889423076923077 0.09014423076923077
1 0.7019230769230769 0.3545673076923077 0.0733173076923077 0.09134615384615384
1 0.13942307692307693 0.3545673076923077 0.10576923076923077 0.07932692307692307
1 0.5480769230769231 0.4014423076923077 0.0889423076923077 0.11057692307692307
1 0.7572115384615384 0.4182692307692308 0.06129807692307692 0.09375
1 0.12860576923076922 0.4254807692307692 0.09014423076923077 0.0625
0 0.5745192307692307 0.43990384615384615 0.06971153846153846 0.07091346153846154
1 0.8353365384615384 0.4423076923076923 0.057692307692307696 0.10576923076923077
1 0.14903846153846154 0.4699519230769231 0.11057692307692307 0.0733173076923077
1 0.6286057692307693 0.49158653846153844 0.14182692307692307 0.1502403846153846
1 0.9014423076923077 0.5276442307692307 0.052884615384615384 0.12139423076923077
0 0.6995192307692307 0.5456730769230769 0.052884615384615384 0.11658653846153846
1 0.14903846153846154 0.5528846153846154 0.140625 0.11899038461538461
1 0.9639423076923077 0.5745192307692307 0.052884615384615384 0.13942307692307693
1 0.7740384615384616 0.5913461538461539 0.10817307692307693 0.18389423076923078
0 0.21153846153846154 0.6610576923076923 0.16346153846153846 0.13942307692307693
1 0.8509615384615384 0.6971153846153846 0.08653846153846154 0.1935096153846154
1 0.9435096153846154 0.7560096153846154 0.07932692307692307 0.18389423076923078
0 0.2283653846153846 0.7788461538461539 0.15745192307692307 0.14182692307692307
1 0.3161057692307692 0.8485576923076923 0.16826923076923078 0.17668269230769232
1 0.4543269230769231 0.21153846153846154 0.0829326923076923 0.06850961538461539
1 0.4987980769230769 0.2403846153846154 0.051682692307692304 0.06009615384615385
1 0.5408653846153846 0.25841346153846156 0.057692307692307696 0.0625
1 0.40024038461538464 0.27884615384615385 0.09495192307692307 0.0829326923076923
1 0.5841346153846154 0.2860576923076923 0.06850961538461539 0.0733173076923077
0 0.43149038461538464 0.3161057692307692 0.038461538461538464 0.054086538461538464
1 0.6370192307692307 0.3269230769230769 0.07211538461538461 0.0829326923076923