0 0.6947115384615384 0.34975961538461536 0.08774038461538461 0.0829326923076923
1 0.41466346153846156 0.3629807692307692 0.10096153846153846 0.13581730769230768
0 0.65625 0.4411057692307692 0.09375 0.10817307692307693
1 0.33413461538461536 0.4543269230769231 0.11057692307692307 0.1875
0 0.5913461538461539 0.5216346153846154 0.12379807692307693 0.13581730769230768
1 0.23677884615384615 0.5396634615384616 0.11778846153846154 0.19591346153846154
1 0.13822115384615385 0.6574519230769231 0.1141826923076923 0.20673076923076922
0 0.515625 0.6694711538461539 0.1466346153846154 0.16826923076923078
1 0.06370192307692307 0.7764423076923077 0.12620192307692307 0.1935096153846154
0 0.4098557692307692 0.7776442307692307 0.18269230769230768 0.17307692307692307
1 0.3557692307692308 0.0829326923076923 0.052884615384615384 0.054086538461538464
1 0.24879807692307693 0.8581730769230769 0.12139423076923077 0.13701923076923078
1 0.3137019230769231 0.12620192307692307 0.05889423076923077 0.056490384615384616
1 0.6911057692307693 0.15625 0.04807692307692308 0.07091346153846154
0 0.2776442307692308 0.17427884615384615 0.057692307692307696 0.06490384615384616
1 0.6466346153846154 0.1778846153846154 0.052884615384615384 0.08173076923076923
1 0.19951923076923078 0.19110576923076922 0.051682692307692304 0.056490384615384616
1 0.6009615384615384 0.19951923076923078 0.06370192307692307 0.09134615384615384
1 0.15504807692307693 0.23798076923076922 0.052884615384615384 0.06490384615384616
1 0.7752403846153846 0.23798076923076922 0.09014423076923077 0.09975961538461539
1 0.5528846153846154 0.24278846153846154 0.08413461538461539 0.12259615384615384
1 0.4879807692307692 0.28365384615384615 0.10336538461538461 0.11298076923076923
1 0.10817307692307693 0.2848557692307692 0.05889423076923077 0.06490384615384616
1 0.7295673076923077 0.3004807692307692 0.09975961538461539 0.10576923076923077