1 0.9134615384615384 0.34375 0.07211538461538461 0.1875
0 0.84375 0.34375 0.040865384615384616 0.09615384615384616
0 0.27524038461538464 0.4026442307692308 0.09375 0.09375
0 0.9627403846153846 0.4651442307692308 0.04807692307692308 0.09975961538461539
0 0.2091346153846154 0.47596153846153844 0.1201923076923077 0.10216346153846154
0 0.13221153846153846 0.5745192307692307 0.12620192307692307 0.09975961538461539
0 0.7019230769230769 0.6610576923076923 0.12139423076923077 0.15625
0 0.07211538461538461 0.6742788461538461 0.0985576923076923 0.09014423076923077
0 0.8052884615384616 0.7728365384615384 0.09375 0.1875
0 0.8966346153846154 0.8353365384615384 0.08774038461538461 0.17548076923076922
0 0.9567307692307693 0.8942307692307693 0.08653846153846154 0.21033653846153846
1 0.4651442307692308 0.18269230769230768 0.09254807692307693 0.06490384615384616
1 0.7283653846153846 0.203125 0.056490384615384616 0.07692307692307693
1 0.3918269230769231 0.23076923076923078 0.09495192307692307 0.07451923076923077
0 0.7800480769230769 0.23197115384615385 0.05048076923076923 0.04807692307692308
0 0.8233173076923077 0.27163461538461536 0.027644230769230768 0.056490384615384616
0 0.7331730769230769 0.28365384615384615 0.042067307692307696 0.05889423076923077
0 0.8689903846153846 0.2848557692307692 0.03125 0.0733173076923077
1 0.29927884615384615 0.31971153846153844 0.11778846153846154 0.10216346153846154
0 0.7980769230769231 0.32091346153846156 0.05048076923076923 0.0829326923076923