1 0.13942307692307693 0.3870192307692308 0.042067307692307696 0.15384615384615385
1 0.8533653846153846 0.3918269230769231 0.171875 0.1622596153846154
1 0.18509615384615385 0.44471153846153844 0.06129807692307692 0.16466346153846154
0 0.23076923076923078 0.5348557692307693 0.052884615384615384 0.1935096153846154
0 0.28846153846153844 0.6177884615384616 0.052884615384615384 0.24759615384615385
1 0.3737980769230769 0.7379807692307693 0.1141826923076923 0.3004807692307692
0 0.515625 0.7908653846153846 0.14423076923076922 0.2692307692307692
1 0.6754807692307693 0.8317307692307693 0.17548076923076922 0.20673076923076922
1 0.2548076923076923 0.1658653846153846 0.08413461538461539 0.06850961538461539
1 0.3425480769230769 0.18870192307692307 0.08173076923076923 0.06490384615384616
0 0.4182692307692308 0.22956730769230768 0.0625 0.07091346153846154
0 0.5120192307692307 0.2608173076923077 0.10096153846153846 0.1045673076923077
1 0.13221153846153846 0.2956730769230769 0.046875 0.06610576923076923
1 0.6586538461538461 0.296875 0.17668269230769232 0.13942307692307693