0 0.4699519230769231 0.33533653846153844 0.042067307692307696 0.06610576923076923
1 0.0985576923076923 0.3473557692307692 0.03125 0.056490384615384616
1 0.055288461538461536 0.3605769230769231 0.05048076923076923 0.08774038461538461
1 0.359375 0.3629807692307692 0.078125 0.09615384615384616
0 0.42908653846153844 0.3713942307692308 0.051682692307692304 0.06610576923076923
1 0.016826923076923076 0.3942307692307692 0.03365384615384615 0.052884615384615384
0 0.30408653846153844 0.41346153846153844 0.07692307692307693 0.0733173076923077
0 0.7596153846153846 0.421875 0.051682692307692304 0.056490384615384616
1 0.2283653846153846 0.42908653846153844 0.0625 0.10817307692307693
0 0.7307692307692307 0.46153846153846156 0.06850961538461539 0.07692307692307693
0 0.1778846153846154 0.49278846153846156 0.06370192307692307 0.09375
1 0.09014423076923077 0.4963942307692308 0.08173076923076923 0.13581730769230768
0 0.9278846153846154 0.5096153846153846 0.030048076923076924 0.056490384615384616
0 0.6935096153846154 0.5120192307692307 0.07932692307692307 0.0733173076923077
0 0.8918269230769231 0.5228365384615384 0.036057692307692304 0.05048076923076923
0 0.6514423076923077 0.5625 0.08413461538461539 0.09615384615384616
0 0.040865384615384616 0.5721153846153846 0.04567307692307692 0.08533653846153846
0 0.8798076923076923 0.5817307692307693 0.0625 0.07932692307692307
0 0.5913461538461539 0.6237980769230769 0.1045673076923077 0.12740384615384615
0 0.8581730769230769 0.640625 0.06850961538461539 0.08173076923076923
0 0.5096153846153846 0.7151442307692307 0.125 0.17548076923076922
0 0.8197115384615384 0.7271634615384616 0.09375 0.1045673076923077
0 0.40865384615384615 0.7908653846153846 0.15504807692307693 0.20192307692307693
0 0.7716346153846154 0.8341346153846154 0.12379807692307693 0.1141826923076923
0 0.28725961538461536 0.8521634615384616 0.15144230769230768 0.17067307692307693
0 0.16826923076923078 0.8930288461538461 0.10817307692307693 0.13581730769230768
0 0.06971153846153846 0.8990384615384616 0.0829326923076923 0.09735576923076923
0 0.6634615384615384 0.9206730769230769 0.13701923076923078 0.11298076923076923
1 0.4963942307692308 0.20552884615384615 0.040865384615384616 0.056490384615384616
1 0.4362980769230769 0.22355769230769232 0.046875 0.04326923076923077
0 0.47596153846153844 0.22716346153846154 0.016826923076923076 0.037259615384615384
0 0.41346153846153844 0.23076923076923078 0.027644230769230768 0.037259615384615384
1 0.38221153846153844 0.23798076923076922 0.03485576923076923 0.051682692307692304
1 0.7247596153846154 0.2439903846153846 0.06370192307692307 0.05889423076923077
1 0.3425480769230769 0.2439903846153846 0.030048076923076924 0.04567307692307692
1 0.6658653846153846 0.25841346153846156 0.038461538461538464 0.0625
1 0.2956730769230769 0.2620192307692308 0.052884615384615384 0.051682692307692304
1 0.6177884615384616 0.26802884615384615 0.05889423076923077 0.06490384615384616
0 0.27403846153846156 0.28725961538461536 0.027644230769230768 0.03365384615384615
1 0.5456730769230769 0.2920673076923077 0.0673076923076923 0.07451923076923077
1 0.23557692307692307 0.29447115384615385 0.040865384615384616 0.051682692307692304
0 0.5997596153846154 0.2980769230769231 0.03245192307692308 0.03365384615384615
1 0.18389423076923078 0.3088942307692308 0.04567307692307692 0.07451923076923077
0 0.5144230769230769 0.3245192307692308 0.040865384615384616 0.054086538461538464
1 0.13822115384615385 0.33052884615384615 0.03245192307692308 0.06850961538461539