0 0.44350961538461536 0.35096153846153844 0.07692307692307693 0.0733173076923077
1 0.36778846153846156 0.3641826923076923 0.08413461538461539 0.11298076923076923
1 0.7752403846153846 0.41947115384615385 0.10817307692307693 0.10576923076923077
0 0.3401442307692308 0.43509615384615385 0.0673076923076923 0.08774038461538461
1 0.2644230769230769 0.45552884615384615 0.10576923076923077 0.15264423076923078
1 0.17908653846153846 0.5721153846153846 0.10096153846153846 0.15625
1 0.9230769230769231 0.578125 0.1201923076923077 0.1310096153846154
1 0.7007211538461539 0.5949519230769231 0.18629807692307693 0.18990384615384615
0 0.10096153846153846 0.6346153846153846 0.08173076923076923 0.11899038461538461
1 0.037259615384615384 0.6634615384615384 0.07451923076923077 0.16826923076923078
0 0.9110576923076923 0.6887019230769231 0.09975961538461539 0.11057692307692307
0 0.6478365384615384 0.7283653846153846 0.16346153846153846 0.17307692307692307
0 0.5408653846153846 0.8533653846153846 0.1622596153846154 0.14423076923076922
0 0.5444711538461539 0.27884615384615385 0.036057692307692304 0.04567307692307692
1 0.49399038461538464 0.2980769230769231 0.1045673076923077 0.08774038461538461