1 0.8485576923076923 0.33413461538461536 0.056490384615384616 0.11057692307692307
1 0.13701923076923078 0.34134615384615385 0.10817307692307693 0.1045673076923077
0 0.14903846153846154 0.42427884615384615 0.06850961538461539 0.056490384615384616
0 0.16826923076923078 0.5120192307692307 0.09375 0.07932692307692307
1 0.4831730769230769 0.5300480769230769 0.12980769230769232 0.1935096153846154
0 0.20552884615384615 0.6213942307692307 0.1141826923076923 0.11057692307692307
1 0.5877403846153846 0.6442307692307693 0.1622596153846154 0.2439903846153846
1 0.7211538461538461 0.7451923076923077 0.13942307692307693 0.27283653846153844
0 0.27403846153846156 0.7548076923076923 0.13581730769230768 0.1310096153846154
1 0.8413461538461539 0.7992788461538461 0.12379807692307693 0.25600961538461536
0 0.39663461538461536 0.8581730769230769 0.12860576923076922 0.16706730769230768
1 0.5552884615384616 0.14302884615384615 0.06129807692307692 0.0733173076923077
1 0.6105769230769231 0.1658653846153846 0.055288461538461536 0.0733173076923077
1 0.6598557692307693 0.1875 0.06129807692307692 0.07932692307692307
1 0.7752403846153846 0.28846153846153844 0.056490384615384616 0.09735576923076923