1 0.31490384615384615 0.3401442307692308 0.0733173076923077 0.12139423076923077
1 0.17307692307692307 0.41346153846153844 0.06610576923076923 0.14423076923076922
0 0.2512019230769231 0.41586538461538464 0.078125 0.12259615384615384
1 0.09975961538461539 0.44350961538461536 0.06971153846153846 0.14543269230769232
1 0.9543269230769231 0.47475961538461536 0.07211538461538461 0.11658653846153846
1 0.016826923076923076 0.4951923076923077 0.03365384615384615 0.11538461538461539
1 0.9098557692307693 0.5048076923076923 0.06610576923076923 0.14423076923076922
0 0.05048076923076923 0.5216346153846154 0.03485576923076923 0.11899038461538461
0 0.8629807692307693 0.5733173076923077 0.08774038461538461 0.07932692307692307
1 0.8209134615384616 0.6370192307692307 0.14543269230769232 0.1814903846153846
1 0.7463942307692307 0.703125 0.1778846153846154 0.27283653846153844
0 0.6430288461538461 0.8040865384615384 0.12980769230769232 0.2127403846153846
0 0.5072115384615384 0.8365384615384616 0.11057692307692307 0.19831730769230768
0 0.35096153846153844 0.8774038461538461 0.13942307692307693 0.16706730769230768
0 0.21514423076923078 0.8918269230769231 0.10336538461538461 0.11658653846153846
1 0.6177884615384616 0.23798076923076922 0.0625 0.10576923076923077
0 0.7584134615384616 0.2403846153846154 0.036057692307692304 0.07692307692307693
1 0.6778846153846154 0.24158653846153846 0.06370192307692307 0.07932692307692307
0 0.7175480769230769 0.24519230769230768 0.030048076923076924 0.06490384615384616
1 0.5432692307692307 0.2704326923076923 0.07451923076923077 0.09975961538461539
0 0.59375 0.2764423076923077 0.05048076923076923 0.08533653846153846
1 0.4699519230769231 0.2848557692307692 0.0733173076923077 0.12139423076923077
1 0.39903846153846156 0.3161057692307692 0.0733173076923077 0.10576923076923077