0 0.5949519230769231 0.3401442307692308 0.09014423076923077 0.051682692307692304
0 0.7355769230769231 0.3425480769230769 0.07692307692307693 0.039663461538461536
0 0.27524038461538464 0.3581730769230769 0.07932692307692307 0.05048076923076923
0 0.14903846153846154 0.359375 0.056490384615384616 0.056490384615384616
0 0.5793269230769231 0.36778846153846156 0.10576923076923077 0.0733173076923077
0 0.7283653846153846 0.3858173076923077 0.08774038461538461 0.04567307692307692
1 0.20793269230769232 0.390625 0.09735576923076923 0.08533653846153846
0 0.12259615384615384 0.39903846153846156 0.06971153846153846 0.06850961538461539
0 0.5528846153846154 0.41586538461538464 0.13581730769230768 0.10576923076923077
0 0.7139423076923077 0.41586538461538464 0.11298076923076923 0.0733173076923077
1 0.06009615384615385 0.4362980769230769 0.08653846153846154 0.1141826923076923
0 0.5132211538461539 0.44471153846153844 0.13581730769230768 0.09735576923076923
0 0.7151442307692307 0.4519230769230769 0.13701923076923078 0.05048076923076923
0 0.16346153846153846 0.453125 0.08653846153846154 0.06850961538461539
1 0.46033653846153844 0.4987980769230769 0.19230769230769232 0.16466346153846154
0 0.11298076923076923 0.5288461538461539 0.10096153846153846 0.05889423076923077
1 0.6935096153846154 0.5348557692307693 0.16826923076923078 0.16706730769230768
1 0.037259615384615384 0.5661057692307693 0.07451923076923077 0.13581730769230768
1 0.3449519230769231 0.5673076923076923 0.17668269230769232 0.1310096153846154
0 0.6466346153846154 0.6634615384615384 0.18629807692307693 0.12259615384615384
0 0.2920673076923077 0.7920673076923077 0.2091346153846154 0.17908653846153846
0 0.5889423076923077 0.7992788461538461 0.23076923076923078 0.17307692307692307
0 0.2127403846153846 0.8798076923076923 0.24519230769230768 0.1935096153846154
1 0.07692307692307693 0.921875 0.14903846153846154 0.15264423076923078
0 0.5480769230769231 0.9399038461538461 0.2704326923076923 0.11658653846153846
1 0.34375 0.26802884615384615 0.08413461538461539 0.06009615384615385
1 0.6346153846153846 0.2848557692307692 0.09375 0.08533653846153846
1 0.7427884615384616 0.2956730769230769 0.10336538461538461 0.1045673076923077
1 0.3004807692307692 0.30408653846153844 0.08413461538461539 0.06610576923076923
0 0.19951923076923078 0.3245192307692308 0.0625 0.04326923076923077