1 0.14182692307692307 0.33413461538461536 0.040865384615384616 0.09014423076923077
1 0.18990384615384615 0.3629807692307692 0.057692307692307696 0.09375
1 0.23557692307692307 0.38461538461538464 0.06971153846153846 0.1141826923076923
1 0.3004807692307692 0.4182692307692308 0.0829326923076923 0.15264423076923078
1 0.38100961538461536 0.43990384615384615 0.09014423076923077 0.14182692307692307
0 0.4519230769230769 0.5336538461538461 0.08774038461538461 0.17067307692307693
1 0.6862980769230769 0.5805288461538461 0.0829326923076923 0.20192307692307693
0 0.5733173076923077 0.5841346153846154 0.08413461538461539 0.1814903846153846
1 0.7848557692307693 0.6225961538461539 0.07692307692307693 0.1875
1 0.8653846153846154 0.6646634615384616 0.0733173076923077 0.2127403846153846
1 0.9302884615384616 0.6947115384615384 0.04807692307692308 0.1935096153846154
1 0.9807692307692307 0.7271634615384616 0.03485576923076923 0.19110576923076922
1 0.06850961538461539 0.90625 0.11899038461538461 0.18389423076923078
1 0.21153846153846154 0.9459134615384616 0.125 0.1045673076923077