1 0.5444711538461539 0.3473557692307692 0.09495192307692307 0.10576923076923077
0 0.15144230769230768 0.3557692307692308 0.052884615384615384 0.05889423076923077
1 0.18389423076923078 0.39783653846153844 0.0985576923076923 0.08774038461538461
0 0.5889423076923077 0.4014423076923077 0.0625 0.09014423076923077
1 0.6550480769230769 0.4411057692307692 0.09975961538461539 0.11899038461538461
0 0.22956730769230768 0.45552884615384615 0.109375 0.08533653846153846
0 0.7331730769230769 0.4951923076923077 0.07451923076923077 0.09735576923076923
0 0.23557692307692307 0.5120192307692307 0.10817307692307693 0.06490384615384616
1 0.8173076923076923 0.5444711538461539 0.07451923076923077 0.16466346153846154
0 0.2704326923076923 0.5793269230769231 0.1310096153846154 0.11298076923076923
0 0.8798076923076923 0.6057692307692307 0.07211538461538461 0.11298076923076923
0 0.31971153846153844 0.6442307692307693 0.11057692307692307 0.13701923076923078
1 0.953125 0.6454326923076923 0.09014423076923077 0.14543269230769232
1 0.36899038461538464 0.7584134615384616 0.14423076923076922 0.27524038461538464
0 0.5204326923076923 0.8257211538461539 0.125 0.20673076923076922
1 0.6706730769230769 0.8978365384615384 0.11778846153846154 0.16706730769230768
1 0.3918269230769231 0.23677884615384615 0.08653846153846154 0.07692307692307693
1 0.42788461538461536 0.2824519230769231 0.07451923076923077 0.06490384615384616
0 0.4411057692307692 0.3004807692307692 0.056490384615384616 0.04567307692307692
1 0.47475961538461536 0.3293269230769231 0.09375 0.07091346153846154