1 0.5853365384615384 0.3629807692307692 0.07692307692307693 0.1875
0 0.6742788461538461 0.4014423076923077 0.07932692307692307 0.13942307692307693
1 0.09975961538461539 0.40625 0.0829326923076923 0.13341346153846154
1 0.765625 0.41346153846153844 0.08173076923076923 0.17668269230769232
1 0.12620192307692307 0.4266826923076923 0.07451923076923077 0.10817307692307693
1 0.17067307692307693 0.42788461538461536 0.07692307692307693 0.1141826923076923
1 0.8605769230769231 0.43028846153846156 0.07451923076923077 0.14783653846153846
1 0.2091346153846154 0.47596153846153844 0.10096153846153846 0.17307692307692307
1 0.29086538461538464 0.5192307692307693 0.0985576923076923 0.22716346153846154
1 0.38341346153846156 0.5552884615384616 0.10096153846153846 0.21875
0 0.5180288461538461 0.5925480769230769 0.1045673076923077 0.25240384615384615
1 0.6634615384615384 0.6274038461538461 0.12860576923076922 0.2920673076923077
1 0.7956730769230769 0.6754807692307693 0.11778846153846154 0.3293269230769231
0 0.4543269230769231 0.13701923076923078 0.021634615384615384 0.03125
0 0.4098557692307692 0.13822115384615385 0.026442307692307692 0.03125
0 0.47596153846153844 0.14182692307692307 0.021634615384615384 0.03365384615384615
0 0.5588942307692307 0.14423076923076922 0.030048076923076924 0.03485576923076923
0 0.5096153846153846 0.1502403846153846 0.026442307692307692 0.028846153846153848
0 0.5973557692307693 0.15504807692307693 0.027644230769230768 0.04807692307692308
0 0.6862980769230769 0.1778846153846154 0.03125 0.039663461538461536
0 0.3894230769230769 0.18389423076923078 0.019230769230769232 0.04807692307692308
0 0.35336538461538464 0.18509615384615385 0.027644230769230768 0.05048076923076923
0 0.4807692307692308 0.18990384615384615 0.026442307692307692 0.04567307692307692
0 0.5685096153846154 0.20673076923076922 0.03485576923076923 0.054086538461538464
0 0.6310096153846154 0.21514423076923078 0.038461538461538464 0.06850961538461539
1 0.734375 0.21754807692307693 0.040865384615384616 0.08173076923076923
0 0.6826923076923077 0.22596153846153846 0.037259615384615384 0.08173076923076923
1 0.8016826923076923 0.23677884615384615 0.056490384615384616 0.09014423076923077
1 0.23317307692307693 0.2668269230769231 0.07451923076923077 0.09615384615384616
1 0.22956730769230768 0.27283653846153844 0.09375 0.11298076923076923
1 0.3557692307692308 0.2932692307692308 0.0985576923076923 0.12259615384615384
0 0.24278846153846154 0.3161057692307692 0.030048076923076924 0.07932692307692307
1 0.49278846153846156 0.32091346153846156 0.08653846153846154 0.14182692307692307
0 0.29086538461538464 0.3245192307692308 0.03125 0.09735576923076923
0 0.42788461538461536 0.328125 0.046875 0.11057692307692307