0 0.4951923076923077 0.35216346153846156 0.12860576923076922 0.12139423076923077
0 0.16105769230769232 0.36177884615384615 0.10336538461538461 0.09014423076923077
0 0.5516826923076923 0.4026442307692308 0.14423076923076922 0.12740384615384615
0 0.036057692307692304 0.45552884615384615 0.07211538461538461 0.08533653846153846
0 0.34134615384615385 0.46153846153846156 0.16105769230769232 0.12259615384615384
0 0.6069711538461539 0.48677884615384615 0.14903846153846154 0.14423076923076922
0 0.3858173076923077 0.5588942307692307 0.16826923076923078 0.15865384615384615
0 0.6826923076923077 0.5805288461538461 0.1466346153846154 0.14783653846153846
0 0.4362980769230769 0.6442307692307693 0.21153846153846154 0.15264423076923078
0 0.5372596153846154 0.7536057692307693 0.23557692307692307 0.23076923076923078
0 0.53125 0.171875 0.05889423076923077 0.03485576923076923
0 0.5673076923076923 0.19471153846153846 0.05889423076923077 0.039663461538461536
0 0.5973557692307693 0.2247596153846154 0.05889423076923077 0.054086538461538464
1 0.6526442307692307 0.23076923076923078 0.08413461538461539 0.07692307692307693
0 0.31009615384615385 0.2692307692307692 0.08653846153846154 0.0829326923076923
0 0.6971153846153846 0.27403846153846156 0.0625 0.06850961538461539
0 0.7355769230769231 0.3016826923076923 0.07211538461538461 0.07451923076923077