1 0.8149038461538461 0.36538461538461536 0.06129807692307692 0.11899038461538461
0 0.203125 0.3870192307692308 0.07451923076923077 0.06610576923076923
1 0.3545673076923077 0.41586538461538464 0.11538461538461539 0.10576923076923077
1 0.13701923076923078 0.43149038461538464 0.08653846153846154 0.12139423076923077
1 0.26802884615384615 0.48197115384615385 0.11778846153846154 0.15625
1 0.20673076923076922 0.5817307692307693 0.10336538461538461 0.1814903846153846
1 0.04567307692307692 0.7415865384615384 0.09134615384615384 0.21875
1 0.7463942307692307 0.8040865384615384 0.2548076923076923 0.2127403846153846
1 0.3942307692307692 0.16466346153846154 0.03245192307692308 0.04567307692307692
1 0.4338942307692308 0.17908653846153846 0.055288461538461536 0.05889423076923077
1 0.4795673076923077 0.19471153846153846 0.052884615384615384 0.06490384615384616
1 0.5228365384615384 0.21995192307692307 0.06370192307692307 0.07692307692307693
1 0.5685096153846154 0.23317307692307693 0.06850961538461539 0.05889423076923077
1 0.18870192307692307 0.24879807692307693 0.06129807692307692 0.06009615384615385
1 0.6310096153846154 0.2536057692307692 0.06850961538461539 0.07932692307692307
1 0.13942307692307693 0.2824519230769231 0.04807692307692308 0.06850961538461539
1 0.6935096153846154 0.29086538461538464 0.0673076923076923 0.08173076923076923
1 0.2644230769230769 0.32091346153846156 0.09254807692307693 0.10817307692307693
0 0.09615384615384616 0.32211538461538464 0.04807692307692308 0.056490384615384616
1 0.7487980769230769 0.3245192307692308 0.051682692307692304 0.07692307692307693