1 0.3557692307692308 0.3629807692307692 0.15144230769230768 0.125
1 0.8161057692307693 0.3798076923076923 0.15264423076923078 0.10576923076923077
1 0.7644230769230769 0.4891826923076923 0.17067307692307693 0.11658653846153846
1 0.19110576923076922 0.4963942307692308 0.17307692307692307 0.15384615384615385
0 0.08052884615384616 0.6286057692307693 0.1141826923076923 0.10817307692307693
1 0.6778846153846154 0.6310096153846154 0.265625 0.15865384615384615
0 0.5324519230769231 0.8377403846153846 0.2512019230769231 0.14182692307692307
1 0.4050480769230769 0.9459134615384616 0.2800480769230769 0.1045673076923077
1 0.59375 0.17307692307692307 0.109375 0.08774038461538461
1 0.9026442307692307 0.17427884615384615 0.04326923076923077 0.051682692307692304
1 0.5 0.2620192307692308 0.09735576923076923 0.09375
0 0.8689903846153846 0.27403846153846156 0.10336538461538461 0.09014423076923077