1 0.5637019230769231 0.34615384615384615 0.15144230769230768 0.12139423076923077
0 0.15865384615384615 0.3485576923076923 0.06129807692307692 0.04807692307692308
0 0.2764423076923077 0.3581730769230769 0.07451923076923077 0.06610576923076923
0 0.18629807692307693 0.4026442307692308 0.078125 0.07091346153846154
1 0.515625 0.41225961538461536 0.125 0.1045673076923077
1 0.7223557692307693 0.4362980769230769 0.14423076923076922 0.14783653846153846
0 0.44711538461538464 0.5408653846153846 0.11778846153846154 0.15264423076923078
1 0.6983173076923077 0.5432692307692307 0.1814903846153846 0.1935096153846154
0 0.3173076923076923 0.6526442307692307 0.14423076923076922 0.21033653846153846
0 0.625 0.7139423076923077 0.1622596153846154 0.1814903846153846
0 0.4699519230769231 0.8305288461538461 0.29086538461538464 0.17668269230769232
0 0.27524038461538464 0.2644230769230769 0.04567307692307692 0.04567307692307692
0 0.22596153846153846 0.30288461538461536 0.04807692307692308 0.06009615384615385
0 0.33774038461538464 0.3088942307692308 0.05889423076923077 0.054086538461538464