1 0.6526442307692307 0.4026442307692308 0.15504807692307693 0.08774038461538461
1 0.18389423076923078 0.41947115384615385 0.12860576923076922 0.07692307692307693
1 0.171875 0.5276442307692307 0.1310096153846154 0.10576923076923077
1 0.6887019230769231 0.5360576923076923 0.12860576923076922 0.09735576923076923
1 0.14903846153846154 0.6802884615384616 0.1814903846153846 0.11899038461538461
1 0.7415865384615384 0.6814903846153846 0.1201923076923077 0.1045673076923077
1 0.8076923076923077 0.8401442307692307 0.11899038461538461 0.14182692307692307
1 0.12379807692307693 0.8533653846153846 0.1778846153846154 0.1141826923076923
1 0.24759615384615385 0.11177884615384616 0.07932692307692307 0.04807692307692308
1 0.2536057692307692 0.14182692307692307 0.055288461538461536 0.025240384615384616
1 0.5072115384615384 0.18028846153846154 0.0889423076923077 0.04807692307692308
1 0.24519230769230768 0.17908653846153846 0.10576923076923077 0.042067307692307696
1 0.5564903846153846 0.20673076923076922 0.0829326923076923 0.051682692307692304
0 0.23076923076923078 0.23076923076923078 0.0985576923076923 0.027644230769230768
1 0.5480769230769231 0.26322115384615385 0.09254807692307693 0.06850961538461539
0 0.22596153846153846 0.2692307692307692 0.0985576923076923 0.03125
1 0.6069711538461539 0.3125 0.1141826923076923 0.07091346153846154
1 0.19471153846153846 0.328125 0.12379807692307693 0.0733173076923077