1 0.37740384615384615 0.3605769230769231 0.09495192307692307 0.16706730769230768
1 0.6322115384615384 0.4074519230769231 0.16105769230769232 0.13581730769230768
1 0.3125 0.421875 0.09735576923076923 0.16466346153846154
1 0.5528846153846154 0.49399038461538464 0.171875 0.16706730769230768
1 0.2091346153846154 0.5252403846153846 0.1045673076923077 0.19110576923076922
1 0.11177884615384616 0.5985576923076923 0.09495192307692307 0.21514423076923078
1 0.4723557692307692 0.6334134615384616 0.1814903846153846 0.21634615384615385
1 0.052884615384615384 0.7235576923076923 0.09375 0.2439903846153846
1 0.3605769230769231 0.7692307692307693 0.17307692307692307 0.23798076923076922
1 0.19471153846153846 0.8629807692307693 0.12139423076923077 0.22716346153846154
1 0.07932692307692307 0.8942307692307693 0.07692307692307693 0.07091346153846154
1 0.7331730769230769 0.11298076923076923 0.04326923076923077 0.04807692307692308
1 0.4050480769230769 0.12259615384615384 0.05048076923076923 0.0625
1 0.78125 0.13581730769230768 0.037259615384615384 0.054086538461538464
1 0.3449519230769231 0.13822115384615385 0.046875 0.051682692307692304
1 0.8233173076923077 0.16706730769230768 0.03125 0.054086538461538464
1 0.2956730769230769 0.17668269230769232 0.056490384615384616 0.07091346153846154
1 0.8762019230769231 0.19831730769230768 0.04326923076923077 0.07451923076923077
1 0.23557692307692307 0.21394230769230768 0.06370192307692307 0.06850961538461539
1 0.17548076923076922 0.24158653846153846 0.06971153846153846 0.07091346153846154
1 0.47596153846153844 0.28846153846153844 0.1141826923076923 0.13581730769230768
1 0.12860576923076922 0.3161057692307692 0.0625 0.09375