1 0.2776442307692308 0.3629807692307692 0.12980769230769232 0.07091346153846154
1 0.6298076923076923 0.36778846153846156 0.11899038461538461 0.09735576923076923
0 0.65625 0.40625 0.09014423076923077 0.07451923076923077
1 0.7247596153846154 0.48197115384615385 0.16826923076923078 0.1935096153846154
1 0.3112980769230769 0.4879807692307692 0.1778846153846154 0.13581730769230768
1 0.7920673076923077 0.59375 0.12139423076923077 0.15865384615384615
1 0.31971153846153844 0.6177884615384616 0.23317307692307693 0.14423076923076922
1 0.8786057692307693 0.6838942307692307 0.1045673076923077 0.17548076923076922
1 0.3545673076923077 0.7463942307692307 0.2403846153846154 0.15865384615384615
1 0.9519230769230769 0.7776442307692307 0.09375 0.19591346153846154
0 0.4254807692307692 0.9110576923076923 0.28125 0.17668269230769232
1 0.4987980769230769 0.25600961538461536 0.09375 0.0625
1 0.27524038461538464 0.30528846153846156 0.125 0.051682692307692304
1 0.5456730769230769 0.32211538461538464 0.0673076923076923 0.07692307692307693