1 0.8149038461538461 0.3629807692307692 0.0829326923076923 0.08533653846153846
0 0.6730769230769231 0.3786057692307692 0.0889423076923077 0.06490384615384616
1 0.8737980769230769 0.4098557692307692 0.06971153846153846 0.08774038461538461
1 0.11057692307692307 0.43990384615384615 0.09735576923076923 0.15865384615384615
0 0.9134615384615384 0.48677884615384615 0.06129807692307692 0.09014423076923077
1 0.171875 0.4855769230769231 0.10576923076923077 0.12860576923076922
1 0.22596153846153846 0.5396634615384616 0.11899038461538461 0.1875
0 0.9627403846153846 0.578125 0.06850961538461539 0.09375
0 0.2668269230769231 0.6346153846153846 0.09735576923076923 0.21875
0 0.34615384615384615 0.671875 0.09495192307692307 0.22716346153846154
1 0.4050480769230769 0.8052884615384616 0.15985576923076922 0.24759615384615385
0 0.5637019230769231 0.828125 0.15745192307692307 0.21875
1 0.7127403846153846 0.8557692307692307 0.14543269230769232 0.22235576923076922
0 0.8076923076923077 0.9314903846153846 0.08774038461538461 0.13341346153846154
1 0.9375 0.9495192307692307 0.125 0.09615384615384616
1 0.5432692307692307 0.12860576923076922 0.037259615384615384 0.056490384615384616
1 0.5108173076923077 0.13701923076923078 0.03125 0.04567307692307692
1 0.47475961538461536 0.140625 0.030048076923076924 0.051682692307692304
1 0.42788461538461536 0.1502403846153846 0.042067307692307696 0.037259615384615384
1 0.3954326923076923 0.17307692307692307 0.040865384615384616 0.04567307692307692
1 0.5949519230769231 0.19591346153846154 0.06610576923076923 0.05048076923076923
1 0.34615384615384615 0.20673076923076922 0.06971153846153846 0.054086538461538464
0 0.640625 0.22115384615384615 0.040865384615384616 0.037259615384615384
0 0.6682692307692307 0.24158653846153846 0.04807692307692308 0.04567307692307692
0 0.5360576923076923 0.24879807692307693 0.07211538461538461 0.056490384615384616
1 0.25 0.2620192307692308 0.07211538461538461 0.06850961538461539
1 0.7247596153846154 0.27283653846153844 0.0829326923076923 0.07451923076923077
0 0.5600961538461539 0.28125 0.0673076923076923 0.04567307692307692
1 0.6237980769230769 0.30528846153846156 0.11298076923076923 0.09375
1 0.765625 0.32211538461538464 0.06850961538461539 0.0733173076923077