0 0.6658653846153846 0.3701923076923077 0.07451923076923077 0.08173076923076923
1 0.12860576923076922 0.38822115384615385 0.08774038461538461 0.10576923076923077
0 0.75 0.4206730769230769 0.09014423076923077 0.1045673076923077
0 0.1310096153846154 0.4567307692307692 0.037259615384615384 0.056490384615384616
0 0.18028846153846154 0.46033653846153844 0.057692307692307696 0.04567307692307692
0 0.8461538461538461 0.5096153846153846 0.10096153846153846 0.16466346153846154
0 0.17908653846153846 0.5144230769230769 0.057692307692307696 0.05889423076923077
0 0.19591346153846154 0.5805288461538461 0.055288461538461536 0.06490384615384616
0 0.2439903846153846 0.6682692307692307 0.09014423076923077 0.08533653846153846
0 0.28125 0.765625 0.078125 0.09375
0 0.38461538461538464 0.8341346153846154 0.109375 0.1141826923076923
0 0.5252403846153846 0.921875 0.14423076923076922 0.15625
1 0.27163461538461536 0.12860576923076922 0.051682692307692304 0.056490384615384616
0 0.453125 0.16466346153846154 0.040865384615384616 0.037259615384615384
0 0.49038461538461536 0.17548076923076922 0.040865384615384616 0.042067307692307696
0 0.5384615384615384 0.1875 0.051682692307692304 0.05889423076923077
0 0.5973557692307693 0.20072115384615385 0.051682692307692304 0.06009615384615385
0 0.6586538461538461 0.22355769230769232 0.051682692307692304 0.06009615384615385
1 0.7259615384615384 0.23557692307692307 0.08774038461538461 0.12139423076923077
0 0.3605769230769231 0.23798076923076922 0.037259615384615384 0.04567307692307692
0 0.39903846153846156 0.25240384615384615 0.04807692307692308 0.054086538461538464
0 0.4519230769230769 0.26802884615384615 0.055288461538461536 0.06009615384615385
0 0.796875 0.28966346153846156 0.06850961538461539 0.09615384615384616
0 0.5132211538461539 0.28966346153846156 0.04807692307692308 0.0625
0 0.5865384615384616 0.31971153846153844 0.078125 0.07692307692307693
0 0.8701923076923077 0.3317307692307692 0.07451923076923077 0.09134615384615384