1 0.7139423076923077 0.34975961538461536 0.09735576923076923 0.07091346153846154
1 0.6634615384615384 0.3858173076923077 0.12620192307692307 0.09615384615384616
0 0.4362980769230769 0.4110576923076923 0.11298076923076923 0.1141826923076923
0 0.6262019230769231 0.46634615384615385 0.11298076923076923 0.11298076923076923
0 0.3894230769230769 0.47115384615384615 0.1045673076923077 0.1622596153846154
1 0.9639423076923077 0.47596153846153844 0.06850961538461539 0.08173076923076923
1 0.30649038461538464 0.5 0.14423076923076922 0.17908653846153846
0 0.5961538461538461 0.5192307692307693 0.12379807692307693 0.09615384615384616
1 0.953125 0.5480769230769231 0.09014423076923077 0.13341346153846154
1 0.5540865384615384 0.5973557692307693 0.19230769230769232 0.25240384615384615
1 0.4411057692307692 0.6995192307692307 0.18389423076923078 0.25240384615384615
1 0.9603365384615384 0.7211538461538461 0.07932692307692307 0.16706730769230768
1 0.4963942307692308 0.1310096153846154 0.037259615384615384 0.03365384615384615
1 0.4723557692307692 0.140625 0.03125 0.03485576923076923
1 0.38221153846153844 0.14423076923076922 0.037259615384615384 0.04567307692307692
1 0.4483173076923077 0.15745192307692307 0.037259615384615384 0.04807692307692308
1 0.5661057692307693 0.16105769230769232 0.04567307692307692 0.03485576923076923
1 0.5072115384615384 0.17307692307692307 0.04326923076923077 0.04567307692307692
1 0.36899038461538464 0.18389423076923078 0.038461538461538464 0.051682692307692304
1 0.47475961538461536 0.18629807692307693 0.04807692307692308 0.04326923076923077
1 0.328125 0.18990384615384615 0.05048076923076923 0.05889423076923077
1 0.4206730769230769 0.20793269230769232 0.055288461538461536 0.05889423076923077
1 0.2920673076923077 0.2091346153846154 0.04326923076923077 0.04807692307692308
1 0.6935096153846154 0.22355769230769232 0.056490384615384616 0.051682692307692304
1 0.24639423076923078 0.23798076923076922 0.042067307692307696 0.05889423076923077
1 0.3425480769230769 0.24639423076923078 0.04807692307692308 0.054086538461538464
1 0.6358173076923077 0.25841346153846156 0.09014423076923077 0.07451923076923077
1 0.29447115384615385 0.265625 0.057692307692307696 0.06009615384615385
1 0.5973557692307693 0.2848557692307692 0.07451923076923077 0.07932692307692307
1 0.5576923076923077 0.2932692307692308 0.07451923076923077 0.07932692307692307
1 0.75 0.29927884615384615 0.08173076923076923 0.06490384615384616
1 0.5036057692307693 0.32572115384615385 0.09495192307692307 0.11899038461538461