0 0.24639423076923078 0.36538461538461536 0.046875 0.051682692307692304
0 0.19471153846153846 0.3737980769230769 0.038461538461538464 0.056490384615384616
0 0.30408653846153844 0.3737980769230769 0.051682692307692304 0.06490384615384616
0 0.3605769230769231 0.3786057692307692 0.055288461538461536 0.0625
1 0.71875 0.38461538461538464 0.06850961538461539 0.1310096153846154
0 0.4230769230769231 0.3870192307692308 0.06971153846153846 0.08533653846153846
0 0.49278846153846156 0.3942307692307692 0.0625 0.07091346153846154
0 0.5625 0.40024038461538464 0.07211538461538461 0.07932692307692307
0 0.6346153846153846 0.40625 0.06370192307692307 0.07932692307692307
1 0.2920673076923077 0.48197115384615385 0.08774038461538461 0.15264423076923078
0 0.1141826923076923 0.5 0.04326923076923077 0.07451923076923077
0 0.16346153846153846 0.5036057692307693 0.04567307692307692 0.0733173076923077
0 0.22355769230769232 0.5180288461538461 0.052884615384615384 0.08533653846153846
0 0.38221153846153844 0.5300480769230769 0.0829326923076923 0.10576923076923077
0 0.8185096153846154 0.5444711538461539 0.07692307692307693 0.08533653846153846
0 0.47596153846153844 0.5528846153846154 0.09735576923076923 0.12259615384615384
0 0.5721153846153846 0.5552884615384616 0.0889423076923077 0.1141826923076923
0 0.7548076923076923 0.5661057692307693 0.078125 0.10817307692307693
0 0.6682692307692307 0.5697115384615384 0.09014423076923077 0.11057692307692307
1 0.4807692307692308 0.1502403846153846 0.019230769230769232 0.025240384615384616
1 0.46153846153846156 0.1502403846153846 0.021634615384615384 0.028846153846153848
0 0.5060096153846154 0.15625 0.021634615384615384 0.020432692307692308
0 0.43149038461538464 0.15985576923076922 0.016826923076923076 0.014423076923076924
0 0.4098557692307692 0.16105769230769232 0.021634615384615384 0.019230769230769232
0 0.38221153846153844 0.16346153846153846 0.015625 0.019230769230769232
0 0.359375 0.16466346153846154 0.019230769230769232 0.016826923076923076
0 0.47475961538461536 0.19110576923076922 0.03485576923076923 0.037259615384615384
0 0.44471153846153844 0.19471153846153846 0.026442307692307692 0.027644230769230768
0 0.5096153846153846 0.19591346153846154 0.03245192307692308 0.037259615384615384
1 0.3401442307692308 0.1971153846153846 0.04326923076923077 0.04807692307692308
0 0.38100961538461536 0.20072115384615385 0.026442307692307692 0.027644230769230768
0 0.41225961538461536 0.203125 0.03125 0.03125
0 0.42908653846153844 0.24158653846153846 0.042067307692307696 0.037259615384615384
0 0.5108173076923077 0.2439903846153846 0.040865384615384616 0.05889423076923077
0 0.38461538461538464 0.24639423076923078 0.03485576923076923 0.03365384615384615
0 0.5552884615384616 0.24639423076923078 0.051682692307692304 0.054086538461538464
0 0.34375 0.24639423076923078 0.03485576923076923 0.039663461538461536
0 0.4699519230769231 0.24759615384615385 0.038461538461538464 0.042067307692307696
0 0.30528846153846156 0.25 0.026442307692307692 0.037259615384615384