0 0.421875 0.3329326923076923 0.06610576923076923 0.06610576923076923
0 0.11177884615384616 0.3473557692307692 0.030048076923076924 0.03485576923076923
1 0.6887019230769231 0.3473557692307692 0.04326923076923077 0.09134615384615384
0 0.34975961538461536 0.3557692307692308 0.046875 0.056490384615384616
0 0.06850961538461539 0.3629807692307692 0.027644230769230768 0.03125
1 0.6346153846153846 0.36899038461538464 0.06370192307692307 0.09615384615384616
0 0.29447115384615385 0.38461538461538464 0.0733173076923077 0.08173076923076923
0 0.037259615384615384 0.3870192307692308 0.030048076923076924 0.03365384615384615
1 0.5721153846153846 0.4026442307692308 0.06850961538461539 0.12860576923076922
1 0.21995192307692307 0.40384615384615385 0.06370192307692307 0.10817307692307693
1 0.4831730769230769 0.4387019230769231 0.09735576923076923 0.15985576923076922
1 0.14903846153846154 0.4375 0.0625 0.12139423076923077
1 0.3942307692307692 0.4675480769230769 0.08774038461538461 0.17307692307692307
0 0.09615384615384616 0.48197115384615385 0.051682692307692304 0.0733173076923077
1 0.30649038461538464 0.5264423076923077 0.09495192307692307 0.17668269230769232
1 0.21394230769230768 0.5492788461538461 0.078125 0.15985576923076922
1 0.1310096153846154 0.6069711538461539 0.078125 0.1935096153846154
1 0.9314903846153846 0.6081730769230769 0.10817307692307693 0.11298076923076923
0 0.06490384615384616 0.6646634615384616 0.057692307692307696 0.13701923076923078
1 0.8689903846153846 0.7896634615384616 0.16105769230769232 0.2127403846153846
1 0.7716346153846154 0.8954326923076923 0.11899038461538461 0.20432692307692307
1 0.6141826923076923 0.9338942307692307 0.15264423076923078 0.12860576923076922
1 0.5588942307692307 0.15985576923076922 0.04326923076923077 0.054086538461538464
1 0.5180288461538461 0.16947115384615385 0.03245192307692308 0.04326923076923077
1 0.4831730769230769 0.1814903846153846 0.036057692307692304 0.042067307692307696
1 0.4387019230769231 0.19110576923076922 0.040865384615384616 0.0625
0 0.4050480769230769 0.21875 0.040865384615384616 0.042067307692307696
1 0.31850961538461536 0.22355769230769232 0.046875 0.06490384615384616
0 0.36658653846153844 0.23798076923076922 0.03245192307692308 0.04567307692307692
1 0.6802884615384616 0.23798076923076922 0.04567307692307692 0.06009615384615385
1 0.6237980769230769 0.25240384615384615 0.05889423076923077 0.0625
1 0.23076923076923078 0.26322115384615385 0.055288461538461536 0.056490384615384616
0 0.28125 0.2692307692307692 0.040865384615384616 0.04326923076923077
0 0.6009615384615384 0.2692307692307692 0.05048076923076923 0.05889423076923077
1 0.5480769230769231 0.27163461538461536 0.057692307692307696 0.09014423076923077
1 0.47836538461538464 0.2860576923076923 0.055288461538461536 0.09735576923076923
1 0.7752403846153846 0.2980769230769231 0.0733173076923077 0.09615384615384616
0 0.19230769230769232 0.30528846153846156 0.037259615384615384 0.039663461538461536
0 0.1502403846153846 0.3173076923076923 0.030048076923076924 0.039663461538461536
1 0.7199519230769231 0.32211538461538464 0.056490384615384616 0.08173076923076923