1 0.3425480769230769 0.33413461538461536 0.08173076923076923 0.09014423076923077
1 0.41346153846153844 0.3425480769230769 0.078125 0.10576923076923077
1 0.47716346153846156 0.36899038461538464 0.10096153846153846 0.10817307692307693
1 0.5408653846153846 0.40024038461538464 0.078125 0.12860576923076922
1 0.6033653846153846 0.42788461538461536 0.07211538461538461 0.12740384615384615
1 0.7427884615384616 0.4795673076923077 0.06971153846153846 0.1622596153846154
0 0.6742788461538461 0.4891826923076923 0.06129807692307692 0.17067307692307693
1 0.8112980769230769 0.5300480769230769 0.06971153846153846 0.15625
1 0.06850961538461539 0.6826923076923077 0.13581730769230768 0.1814903846153846
1 0.11899038461538461 0.8197115384615384 0.15264423076923078 0.22235576923076922
0 0.23798076923076922 0.8725961538461539 0.11899038461538461 0.15384615384615385
1 0.16826923076923078 0.265625 0.06971153846153846 0.09014423076923077
0 0.1935096153846154 0.29927884615384615 0.036057692307692304 0.06009615384615385
1 0.234375 0.30528846153846156 0.056490384615384616 0.051682692307692304
1 0.2920673076923077 0.3233173076923077 0.08413461538461539 0.07451923076923077