1 0.41947115384615385 0.3401442307692308 0.0985576923076923 0.09134615384615384
1 0.7908653846153846 0.3641826923076923 0.0985576923076923 0.07091346153846154
1 0.3641826923076923 0.3870192307692308 0.109375 0.10576923076923077
1 0.7596153846153846 0.3954326923076923 0.09254807692307693 0.08774038461538461
0 0.11538461538461539 0.40625 0.07451923076923077 0.042067307692307696
1 0.7524038461538461 0.453125 0.12980769230769232 0.09735576923076923
1 0.30649038461538464 0.4543269230769231 0.12980769230769232 0.125
0 0.09735576923076923 0.46153846153846156 0.07451923076923077 0.04807692307692308
0 0.07211538461538461 0.5228365384615384 0.08173076923076923 0.05889423076923077
1 0.7379807692307693 0.5444711538461539 0.17668269230769232 0.14783653846153846
0 0.24519230769230768 0.5564903846153846 0.11298076923076923 0.14543269230769232
0 0.04567307692307692 0.6033653846153846 0.08774038461538461 0.07692307692307693
0 0.7223557692307693 0.6141826923076923 0.12379807692307693 0.10817307692307693
0 0.17427884615384615 0.640625 0.09495192307692307 0.17307692307692307
0 0.109375 0.71875 0.08413461538461539 0.19591346153846154
1 0.7115384615384616 0.7283653846153846 0.23557692307692307 0.19831730769230768
0 0.6189903846153846 0.8810096153846154 0.17548076923076922 0.16706730769230768
0 0.44350961538461536 0.2644230769230769 0.05048076923076923 0.07091346153846154
1 0.38221153846153844 0.26802884615384615 0.04326923076923077 0.08173076923076923
1 0.5012019230769231 0.2692307692307692 0.04567307692307692 0.07692307692307693
0 0.33052884615384615 0.28725961538461536 0.042067307692307696 0.07932692307692307
1 0.2800480769230769 0.29086538461538464 0.04326923076923077 0.08533653846153846
1 0.7956730769230769 0.3088942307692308 0.07692307692307693 0.054086538461538464
1 0.18870192307692307 0.3173076923076923 0.052884615384615384 0.09014423076923077
0 0.2283653846153846 0.3173076923076923 0.03245192307692308 0.07692307692307693
1 0.7548076923076923 0.32572115384615385 0.06850961538461539 0.04326923076923077