1 0.5564903846153846 0.36177884615384615 0.109375 0.09735576923076923
1 0.7752403846153846 0.3605769230769231 0.06971153846153846 0.07932692307692307
1 0.16947115384615385 0.36658653846153844 0.057692307692307696 0.07091346153846154
1 0.4987980769230769 0.40024038461538464 0.0985576923076923 0.125
1 0.7596153846153846 0.4375 0.13701923076923078 0.1045673076923077
1 0.4495192307692308 0.47716346153846156 0.10576923076923077 0.15384615384615385
0 0.7223557692307693 0.4951923076923077 0.10096153846153846 0.08533653846153846
1 0.35096153846153844 0.5216346153846154 0.11538461538461539 0.16466346153846154
1 0.6814903846153846 0.5576923076923077 0.13581730769230768 0.13581730769230768
1 0.2620192307692308 0.6189903846153846 0.12980769230769232 0.20793269230769232
1 0.6105769230769231 0.6814903846153846 0.15985576923076922 0.22115384615384615
0 0.5300480769230769 0.7932692307692307 0.13581730769230768 0.19831730769230768
0 0.3894230769230769 0.8653846153846154 0.1622596153846154 0.1814903846153846
1 0.578125 0.14302884615384615 0.03485576923076923 0.04326923076923077
1 0.6177884615384616 0.15384615384615385 0.03125 0.04567307692307692
1 0.5072115384615384 0.15625 0.04326923076923077 0.037259615384615384
1 0.4723557692307692 0.1658653846153846 0.03245192307692308 0.039663461538461536
1 0.6574519230769231 0.16706730769230768 0.037259615384615384 0.05048076923076923
1 0.4375 0.171875 0.03485576923076923 0.04326923076923077
1 0.40384615384615385 0.18389423076923078 0.036057692307692304 0.04807692307692308
1 0.5637019230769231 0.18629807692307693 0.042067307692307696 0.051682692307692304
1 0.36899038461538464 0.18990384615384615 0.04807692307692308 0.05889423076923077
1 0.5348557692307693 0.19951923076923078 0.03125 0.051682692307692304
1 0.5024038461538461 0.20552884615384615 0.042067307692307696 0.051682692307692304
1 0.3329326923076923 0.2127403846153846 0.05048076923076923 0.04567307692307692
1 0.4675480769230769 0.21634615384615385 0.051682692307692304 0.05048076923076923
1 0.29086538461538464 0.23076923076923078 0.04807692307692308 0.04326923076923077
1 0.4254807692307692 0.22956730769230768 0.05048076923076923 0.05048076923076923
1 0.18389423076923078 0.24158653846153846 0.0625 0.03365384615384615
1 0.38221153846153844 0.2536057692307692 0.051682692307692304 0.05889423076923077
1 0.7019230769230769 0.265625 0.06850961538461539 0.06850961538461539
1 0.7475961538461539 0.2644230769230769 0.04567307692307692 0.07451923076923077
1 0.20793269230769232 0.2644230769230769 0.040865384615384616 0.037259615384615384
1 0.3293269230769231 0.2704326923076923 0.052884615384615384 0.0625
1 0.6814903846153846 0.2848557692307692 0.06129807692307692 0.0733173076923077
1 0.15745192307692307 0.29447115384615385 0.042067307692307696 0.051682692307692304
1 0.2800480769230769 0.2956730769230769 0.046875 0.07932692307692307
1 0.6526442307692307 0.30528846153846156 0.07692307692307693 0.08533653846153846
1 0.8112980769230769 0.32211538461538464 0.0625 0.051682692307692304
1 0.21754807692307693 0.32572115384615385 0.06129807692307692 0.09375
1 0.6153846153846154 0.33052884615384615 0.10576923076923077 0.09735576923076923