1 0.24879807692307693 0.33653846153846156 0.051682692307692304 0.10216346153846154
1 0.19110576923076922 0.3557692307692308 0.051682692307692304 0.09615384615384616
1 0.7487980769230769 0.3629807692307692 0.08173076923076923 0.08774038461538461
1 0.13341346153846154 0.3737980769230769 0.04807692307692308 0.09014423076923077
1 0.7247596153846154 0.4411057692307692 0.1045673076923077 0.11899038461538461
1 0.09375 0.5072115384615384 0.08413461538461539 0.15264423076923078
0 0.171875 0.5072115384615384 0.06610576923076923 0.13581730769230768
1 0.6935096153846154 0.5264423076923077 0.15745192307692307 0.17307692307692307
0 0.03245192307692308 0.5552884615384616 0.04567307692307692 0.10216346153846154
0 0.6045673076923077 0.6045673076923077 0.11899038461538461 0.12860576923076922
1 0.5132211538461539 0.6887019230769231 0.16346153846153846 0.23076923076923078
0 0.4206730769230769 0.8257211538461539 0.13942307692307693 0.15625
0 0.5444711538461539 0.16105769230769232 0.03245192307692308 0.03485576923076923
1 0.44471153846153844 0.16105769230769232 0.038461538461538464 0.04326923076923077
1 0.35096153846153844 0.18990384615384615 0.036057692307692304 0.042067307692307696
0 0.4050480769230769 0.19110576923076922 0.037259615384615384 0.037259615384615384
1 0.3088942307692308 0.19951923076923078 0.025240384615384616 0.042067307692307696
1 0.22716346153846154 0.22596153846153846 0.030048076923076924 0.04807692307692308
1 0.2644230769230769 0.23197115384615385 0.037259615384615384 0.04326923076923077
1 0.7872596153846154 0.25240384615384615 0.06850961538461539 0.0625
1 0.5048076923076923 0.25240384615384615 0.08173076923076923 0.07932692307692307
1 0.1310096153846154 0.2776442307692308 0.04326923076923077 0.06850961538461539
0 0.43149038461538464 0.2848557692307692 0.052884615384615384 0.07932692307692307
1 0.7740384615384616 0.296875 0.08774038461538461 0.08533653846153846
1 0.3137019230769231 0.3004807692307692 0.05889423076923077 0.09615384615384616
0 0.36899038461538464 0.31009615384615385 0.051682692307692304 0.0829326923076923