0 0.14423076923076922 0.37259615384615385 0.03245192307692308 0.0829326923076923
0 0.7608173076923077 0.37740384615384615 0.07451923076923077 0.08774038461538461
1 0.09134615384615384 0.3858173076923077 0.055288461538461536 0.09615384615384616
1 0.03245192307692308 0.41466346153846156 0.04807692307692308 0.0829326923076923
1 0.8317307692307693 0.4170673076923077 0.078125 0.08774038461538461
0 0.8846153846153846 0.5192307692307693 0.09375 0.08533653846153846
0 0.44711538461538464 0.5240384615384616 0.09014423076923077 0.15264423076923078
0 0.3401442307692308 0.5673076923076923 0.0985576923076923 0.18509615384615385
0 0.24879807692307693 0.6069711538461539 0.08774038461538461 0.16826923076923078
0 0.9302884615384616 0.6129807692307693 0.09735576923076923 0.12740384615384615
1 0.14423076923076922 0.6418269230769231 0.09735576923076923 0.18389423076923078
1 0.05048076923076923 0.6899038461538461 0.07932692307692307 0.20793269230769232
0 0.953125 0.7259615384615384 0.09014423076923077 0.1141826923076923
0 0.5540865384615384 0.7487980769230769 0.18629807692307693 0.16466346153846154
0 0.9603365384615384 0.8557692307692307 0.07932692307692307 0.12860576923076922
0 0.5396634615384616 0.8701923076923077 0.21754807692307693 0.14783653846153846
1 0.4182692307692308 0.23918269230769232 0.06610576923076923 0.0829326923076923
0 0.5372596153846154 0.2439903846153846 0.08774038461538461 0.05889423076923077
0 0.4831730769230769 0.24759615384615385 0.05889423076923077 0.07091346153846154
0 0.609375 0.2536057692307692 0.0625 0.07692307692307693
1 0.3629807692307692 0.2608173076923077 0.052884615384615384 0.09134615384615384
0 0.6634615384615384 0.29927884615384615 0.06129807692307692 0.07692307692307693
0 0.3112980769230769 0.3076923076923077 0.051682692307692304 0.06490384615384616
0 0.3161057692307692 0.30649038461538464 0.057692307692307696 0.06610576923076923
1 0.7319711538461539 0.3125 0.07932692307692307 0.08774038461538461
0 0.2536057692307692 0.32091346153846156 0.055288461538461536 0.08774038461538461
1 0.19110576923076922 0.3245192307692308 0.051682692307692304 0.10576923076923077