1 0.6730769230769231 0.3713942307692308 0.0985576923076923 0.17548076923076922
1 0.5697115384615384 0.37740384615384615 0.09735576923076923 0.14182692307692307
1 0.7536057692307693 0.38100961538461536 0.09375 0.15865384615384615
1 0.46875 0.3870192307692308 0.08173076923076923 0.11658653846153846
1 0.38461538461538464 0.390625 0.06850961538461539 0.10216346153846154
1 0.30408653846153844 0.39903846153846156 0.0829326923076923 0.10216346153846154
1 0.23076923076923078 0.4098557692307692 0.056490384615384616 0.09615384615384616
1 0.1778846153846154 0.41947115384615385 0.051682692307692304 0.0733173076923077
1 0.11177884615384616 0.46875 0.036057692307692304 0.09615384615384616
1 0.7043269230769231 0.1875 0.06129807692307692 0.1045673076923077
1 0.5997596153846154 0.19471153846153846 0.055288461538461536 0.06490384615384616
1 0.6514423076923077 0.19951923076923078 0.056490384615384616 0.06850961538461539
1 0.7572115384615384 0.19951923076923078 0.051682692307692304 0.06009615384615385
1 0.5444711538461539 0.20673076923076922 0.042067307692307696 0.06490384615384616
1 0.8028846153846154 0.20673076923076922 0.051682692307692304 0.07692307692307693
1 0.49278846153846156 0.21394230769230768 0.04326923076923077 0.06009615384615385
1 0.4362980769230769 0.22235576923076922 0.04326923076923077 0.08774038461538461
1 0.38341346153846156 0.23197115384615385 0.042067307692307696 0.06009615384615385
1 0.3329326923076923 0.23918269230769232 0.04326923076923077 0.0625
1 0.29086538461538464 0.2536057692307692 0.03245192307692308 0.06490384615384616
1 0.2512019230769231 0.2692307692307692 0.04567307692307692 0.07451923076923077
1 0.203125 0.2800480769230769 0.040865384615384616 0.056490384615384616
1 0.1778846153846154 0.30288461538461536 0.030048076923076924 0.0733173076923077
1 0.14783653846153846 0.3112980769230769 0.026442307692307692 0.07692307692307693