0 0.6141826923076923 0.33653846153846156 0.046875 0.08173076923076923
1 0.15865384615384615 0.33774038461538464 0.08653846153846154 0.09975961538461539
0 0.6778846153846154 0.36538461538461536 0.04567307692307692 0.09375
0 0.19230769230769232 0.3786057692307692 0.05889423076923077 0.0733173076923077
0 0.75 0.3894230769230769 0.05889423076923077 0.11298076923076923
1 0.23076923076923078 0.4110576923076923 0.08413461538461539 0.1141826923076923
0 0.8137019230769231 0.43028846153846156 0.042067307692307696 0.10216346153846154
1 0.28966346153846156 0.453125 0.11057692307692307 0.13581730769230768
0 0.3545673076923077 0.5192307692307693 0.09735576923076923 0.16826923076923078
1 0.4651442307692308 0.5901442307692307 0.1935096153846154 0.22235576923076922
1 0.5985576923076923 0.6826923076923077 0.1466346153846154 0.25600961538461536
0 0.7331730769230769 0.8040865384615384 0.09975961538461539 0.24639423076923078
0 0.4338942307692308 0.19110576923076922 0.021634615384615384 0.037259615384615384
0 0.45552884615384615 0.19951923076923078 0.030048076923076924 0.037259615384615384
0 0.47596153846153844 0.20432692307692307 0.025240384615384616 0.028846153846153848
0 0.5012019230769231 0.2127403846153846 0.027644230769230768 0.037259615384615384
0 0.5372596153846154 0.21514423076923078 0.027644230769230768 0.037259615384615384
0 0.5721153846153846 0.22596153846153846 0.038461538461538464 0.056490384615384616
0 0.3858173076923077 0.24278846153846154 0.03125 0.06009615384615385
0 0.6189903846153846 0.24639423076923078 0.04567307692307692 0.04567307692307692
0 0.46274038461538464 0.265625 0.036057692307692304 0.06009615384615385
0 0.4206730769230769 0.2644230769230769 0.030048076923076924 0.05048076923076923
0 0.6658653846153846 0.2692307692307692 0.042067307692307696 0.05048076923076923
0 0.7223557692307693 0.28846153846153844 0.052884615384615384 0.056490384615384616
0 0.5072115384615384 0.28966346153846156 0.036057692307692304 0.0829326923076923
0 0.7644230769230769 0.3004807692307692 0.037259615384615384 0.07932692307692307
0 0.5588942307692307 0.30649038461538464 0.037259615384615384 0.06610576923076923
1 0.8161057692307693 0.32091346153846156 0.05889423076923077 0.10817307692307693