0 0.7103365384615384 0.35216346153846156 0.06370192307692307 0.07932692307692307
0 0.8689903846153846 0.390625 0.046875 0.06490384615384616
0 0.9278846153846154 0.3942307692307692 0.04326923076923077 0.05889423076923077
0 0.5564903846153846 0.43028846153846156 0.09735576923076923 0.12740384615384615
0 0.875 0.4651442307692308 0.040865384615384616 0.07692307692307693
0 0.8016826923076923 0.4735576923076923 0.08413461538461539 0.0733173076923077
0 0.4519230769230769 0.5036057692307693 0.10336538461538461 0.1502403846153846
0 0.7692307692307693 0.546875 0.07211538461538461 0.12740384615384615
0 0.33653846153846156 0.5588942307692307 0.11538461538461539 0.15264423076923078
1 0.203125 0.5973557692307693 0.10336538461538461 0.17668269230769232
1 0.0889423076923077 0.6454326923076923 0.07211538461538461 0.15384615384615385
0 0.6983173076923077 0.6478365384615384 0.125 0.14543269230769232
1 0.6057692307692307 0.7463942307692307 0.1201923076923077 0.19591346153846154
0 0.4543269230769231 0.8641826923076923 0.14423076923076922 0.20432692307692307
0 0.30408653846153844 0.8882211538461539 0.1201923076923077 0.18509615384615385
0 0.16706730769230768 0.9158653846153846 0.109375 0.15985576923076922
1 0.48677884615384615 0.09735576923076923 0.036057692307692304 0.039663461538461536
1 0.44350961538461536 0.10576923076923077 0.042067307692307696 0.056490384615384616
1 0.6322115384615384 0.11538461538461539 0.06370192307692307 0.056490384615384616
1 0.39783653846153844 0.11658653846153846 0.042067307692307696 0.04567307692307692
1 0.34975961538461536 0.13221153846153846 0.036057692307692304 0.04807692307692308
0 0.5817307692307693 0.14423076923076922 0.042067307692307696 0.04567307692307692
0 0.5492788461538461 0.15264423076923078 0.03245192307692308 0.04326923076923077
1 0.5060096153846154 0.15264423076923078 0.06971153846153846 0.06850961538461539
0 0.3004807692307692 0.15985576923076922 0.046875 0.027644230769230768
1 0.25 0.18028846153846154 0.046875 0.06490384615384616
0 0.4411057692307692 0.17908653846153846 0.04807692307692308 0.05889423076923077
1 0.3858173076923077 0.18509615384615385 0.05889423076923077 0.0625
1 0.20192307692307693 0.203125 0.042067307692307696 0.051682692307692304
1 0.3161057692307692 0.20793269230769232 0.05889423076923077 0.07451923076923077
0 0.15625 0.24759615384615385 0.03125 0.03365384615384615
1 0.7319711538461539 0.25721153846153844 0.057692307692307696 0.09014423076923077
0 0.8004807692307693 0.25600961538461536 0.04567307692307692 0.05048076923076923
0 0.2644230769230769 0.26322115384615385 0.055288461538461536 0.06490384615384616
1 0.19951923076923078 0.2776442307692308 0.046875 0.06490384615384616
1 0.13341346153846154 0.3112980769230769 0.055288461538461536 0.0733173076923077
0 0.8052884615384616 0.31490384615384615 0.03485576923076923 0.054086538461538464
1 0.6189903846153846 0.33052884615384615 0.08173076923076923 0.10216346153846154