0 0.49399038461538464 0.36658653846153844 0.056490384615384616 0.0625
1 0.7932692307692307 0.37740384615384615 0.07211538461538461 0.10817307692307693
1 0.7475961538461539 0.38100961538461536 0.06971153846153846 0.11658653846153846
0 0.42788461538461536 0.4014423076923077 0.07211538461538461 0.09375
1 0.7019230769230769 0.4110576923076923 0.0829326923076923 0.12259615384615384
0 0.34975961538461536 0.41586538461538464 0.0733173076923077 0.09014423076923077
1 0.27283653846153844 0.4266826923076923 0.0733173076923077 0.125
1 0.1971153846153846 0.45072115384615385 0.0625 0.12740384615384615
0 0.6430288461538461 0.4543269230769231 0.0673076923076923 0.09615384615384616
1 0.5625 0.48197115384615385 0.125 0.20192307692307693
1 0.12620192307692307 0.4891826923076923 0.06971153846153846 0.12860576923076922
0 0.08413461538461539 0.5360576923076923 0.04326923076923077 0.07692307692307693
0 0.49399038461538464 0.5396634615384616 0.10096153846153846 0.16706730769230768
0 0.030048076923076924 0.5504807692307693 0.042067307692307696 0.07932692307692307
1 0.41586538461538464 0.5528846153846154 0.10096153846153846 0.20192307692307693
0 0.30408653846153844 0.6310096153846154 0.11778846153846154 0.19591346153846154
1 0.1971153846153846 0.6598557692307693 0.10096153846153846 0.21514423076923078
1 0.09495192307692307 0.6766826923076923 0.08173076923076923 0.20793269230769232
0 0.03245192307692308 0.7487980769230769 0.05048076923076923 0.13942307692307693
1 0.4483173076923077 0.22596153846153846 0.04326923076923077 0.06009615384615385
1 0.39663461538461536 0.23918269230769232 0.052884615384615384 0.07091346153846154
1 0.6947115384615384 0.2920673076923077 0.07692307692307693 0.07091346153846154
1 0.6009615384615384 0.30288461538461536 0.08173076923076923 0.09735576923076923
1 0.21754807692307693 0.30288461538461536 0.052884615384615384 0.06490384615384616
0 0.6538461538461539 0.3088942307692308 0.038461538461538464 0.04567307692307692
1 0.8293269230769231 0.32572115384615385 0.07932692307692307 0.08533653846153846
1 0.5444711538461539 0.3317307692307692 0.0985576923076923 0.1045673076923077