0 0.5456730769230769 0.33413461538461536 0.038461538461538464 0.039663461538461536
0 0.49759615384615385 0.35216346153846156 0.042067307692307696 0.042067307692307696
0 0.6622596153846154 0.37740384615384615 0.04807692307692308 0.037259615384615384
0 0.4567307692307692 0.3798076923076923 0.040865384615384616 0.056490384615384616
0 0.40024038461538464 0.4026442307692308 0.06370192307692307 0.06850961538461539
0 0.6430288461538461 0.41346153846153844 0.055288461538461536 0.07692307692307693
0 0.5997596153846154 0.43149038461538464 0.051682692307692304 0.06610576923076923
0 0.33774038461538464 0.4338942307692308 0.06129807692307692 0.07932692307692307
1 0.9302884615384616 0.4338942307692308 0.13942307692307693 0.11899038461538461
0 0.2668269230769231 0.4651442307692308 0.06610576923076923 0.08533653846153846
0 0.5444711538461539 0.4675480769230769 0.0673076923076923 0.08173076923076923
0 0.1971153846153846 0.4963942307692308 0.052884615384615384 0.07692307692307693
0 0.4831730769230769 0.5120192307692307 0.0829326923076923 0.11057692307692307
0 0.13701923076923078 0.5180288461538461 0.04807692307692308 0.08173076923076923
0 0.4098557692307692 0.5625 0.09254807692307693 0.1502403846153846
1 0.9278846153846154 0.5913461538461539 0.140625 0.15384615384615385
0 0.3269230769230769 0.6153846153846154 0.0985576923076923 0.15985576923076922
1 0.8449519230769231 0.6658653846153846 0.1875 0.24759615384615385
0 0.23317307692307693 0.6754807692307693 0.1045673076923077 0.17307692307692307
0 0.13822115384615385 0.7103365384615384 0.08653846153846154 0.1875
1 0.7463942307692307 0.8978365384615384 0.19471153846153846 0.19951923076923078
1 0.78125 0.3004807692307692 0.09014423076923077 0.09615384615384616
0 0.5865384615384616 0.32091346153846156 0.027644230769230768 0.042067307692307696