0 0.8185096153846154 0.3701923076923077 0.07211538461538461 0.13942307692307693
0 0.11057692307692307 0.4963942307692308 0.07932692307692307 0.07692307692307693
0 0.21394230769230768 0.5504807692307693 0.12139423076923077 0.10817307692307693
0 0.4026442307692308 0.6201923076923077 0.1935096153846154 0.15264423076923078
0 0.6177884615384616 0.6754807692307693 0.19831730769230768 0.16706730769230768
1 0.8341346153846154 0.7043269230769231 0.2127403846153846 0.1622596153846154
1 0.9735576923076923 0.7295673076923077 0.052884615384615384 0.18509615384615385
1 0.2848557692307692 0.25721153846153844 0.052884615384615384 0.1310096153846154
1 0.3473557692307692 0.25721153846153844 0.06129807692307692 0.14423076923076922
1 0.1875 0.25841346153846156 0.03125 0.1045673076923077
1 0.15144230769230768 0.26322115384615385 0.03485576923076923 0.09735576923076923
1 0.23076923076923078 0.26802884615384615 0.042067307692307696 0.11899038461538461
1 0.09975961538461539 0.27524038461538464 0.042067307692307696 0.09975961538461539
0 0.4182692307692308 0.2932692307692308 0.06129807692307692 0.1141826923076923
1 0.7391826923076923 0.30408653846153844 0.10576923076923077 0.18389423076923078
0 0.49158653846153844 0.31009615384615385 0.06971153846153846 0.12860576923076922
0 0.5685096153846154 0.3161057692307692 0.08774038461538461 0.125
0 0.6574519230769231 0.3245192307692308 0.09014423076923077 0.13701923076923078