1 0.8689903846153846 0.3389423076923077 0.09014423076923077 0.08173076923076923
0 0.5913461538461539 0.36658653846153844 0.07692307692307693 0.08774038461538461
1 0.8197115384615384 0.3701923076923077 0.09735576923076923 0.12259615384615384
0 0.7956730769230769 0.4182692307692308 0.055288461538461536 0.0625
0 0.5504807692307693 0.4266826923076923 0.08774038461538461 0.11298076923076923
1 0.4651442307692308 0.4807692307692308 0.16826923076923078 0.18509615384615385
1 0.7463942307692307 0.484375 0.15144230769230768 0.1814903846153846
0 0.3581730769230769 0.5877403846153846 0.12620192307692307 0.12139423076923077
0 0.6947115384615384 0.6129807692307693 0.12620192307692307 0.11658653846153846
0 0.6105769230769231 0.7067307692307693 0.14423076923076922 0.16706730769230768
0 0.2620192307692308 0.7115384615384616 0.12860576923076922 0.13581730769230768
1 0.15504807692307693 0.7692307692307693 0.13221153846153846 0.24158653846153846
0 0.4951923076923077 0.8389423076923077 0.17548076923076922 0.15264423076923078
0 0.0829326923076923 0.875 0.08774038461538461 0.125
1 0.3786057692307692 0.921875 0.1658653846153846 0.15625
0 0.234375 0.9495192307692307 0.09375 0.09615384615384616
1 0.7271634615384616 0.21153846153846154 0.0829326923076923 0.09375
1 0.6814903846153846 0.265625 0.11538461538461539 0.10576923076923077
0 0.6598557692307693 0.3161057692307692 0.06971153846153846 0.09014423076923077