1 0.046875 0.3473557692307692 0.037259615384615384 0.06850961538461539
0 0.14903846153846154 0.34975961538461536 0.038461538461538464 0.04567307692307692
1 0.7463942307692307 0.3605769230769231 0.1141826923076923 0.11298076923076923
1 0.09495192307692307 0.3713942307692308 0.042067307692307696 0.09014423076923077
0 0.47836538461538464 0.38341346153846156 0.06971153846153846 0.0829326923076923
0 0.051682692307692304 0.4230769230769231 0.03125 0.054086538461538464
0 0.39903846153846156 0.4254807692307692 0.0829326923076923 0.10216346153846154
1 0.6802884615384616 0.42908653846153844 0.13581730769230768 0.125
0 0.01201923076923077 0.4483173076923077 0.020432692307692308 0.04567307692307692
0 0.3269230769230769 0.4735576923076923 0.0733173076923077 0.09014423076923077
1 0.23076923076923078 0.4855769230769231 0.08413461538461539 0.1875
1 0.5985576923076923 0.5012019230769231 0.13701923076923078 0.16466346153846154
0 0.15745192307692307 0.6033653846153846 0.08173076923076923 0.1141826923076923
0 0.5336538461538461 0.6310096153846154 0.13221153846153846 0.17548076923076922
0 0.0829326923076923 0.640625 0.05889423076923077 0.10576923076923077
0 0.025240384615384616 0.7067307692307693 0.05048076923076923 0.13581730769230768
0 0.4387019230769231 0.7199519230769231 0.10817307692307693 0.18509615384615385
1 0.31850961538461536 0.7572115384615384 0.12139423076923077 0.2932692307692308
0 0.19591346153846154 0.8509615384615384 0.10096153846153846 0.1310096153846154
0 0.09495192307692307 0.8942307692307693 0.08413461538461539 0.17067307692307693
1 0.4891826923076923 0.12860576923076922 0.027644230769230768 0.037259615384615384
1 0.4338942307692308 0.14783653846153846 0.052884615384615384 0.04567307692307692
1 0.5228365384615384 0.17548076923076922 0.042067307692307696 0.056490384615384616
1 0.3581730769230769 0.18269230769230768 0.042067307692307696 0.051682692307692304
1 0.4362980769230769 0.18990384615384615 0.038461538461538464 0.04567307692307692
0 0.4831730769230769 0.19471153846153846 0.036057692307692304 0.03485576923076923
0 0.3161057692307692 0.20432692307692307 0.040865384615384616 0.03365384615384615
0 0.27403846153846156 0.21995192307692307 0.037259615384615384 0.03485576923076923
0 0.4074519230769231 0.22596153846153846 0.04807692307692308 0.04326923076923077
0 0.234375 0.2403846153846154 0.027644230769230768 0.03125
0 0.3485576923076923 0.24639423076923078 0.046875 0.042067307692307696
1 0.18870192307692307 0.24879807692307693 0.038461538461538464 0.06850961538461539
0 0.2956730769230769 0.27403846153846156 0.042067307692307696 0.039663461538461536
0 0.6778846153846154 0.2776442307692308 0.04807692307692308 0.054086538461538464
0 0.1502403846153846 0.28725961538461536 0.03485576923076923 0.03365384615384615
0 0.6310096153846154 0.28966346153846156 0.037259615384615384 0.05048076923076923
0 0.2512019230769231 0.29927884615384615 0.042067307692307696 0.04326923076923077
0 0.10817307692307693 0.3125 0.026442307692307692 0.025240384615384616
0 0.6033653846153846 0.32211538461538464 0.046875 0.0733173076923077
1 0.5432692307692307 0.3245192307692308 0.0985576923076923 0.1141826923076923
0 0.20072115384615385 0.3233173076923077 0.03245192307692308 0.04567307692307692