0 0.47836538461538464 0.3401442307692308 0.07451923076923077 0.125
0 0.7391826923076923 0.3701923076923077 0.06610576923076923 0.06009615384615385
0 0.4050480769230769 0.39302884615384615 0.07451923076923077 0.15625
1 0.2127403846153846 0.4014423076923077 0.07932692307692307 0.20673076923076922
0 0.6971153846153846 0.46033653846153844 0.0889423076923077 0.09134615384615384
1 0.3161057692307692 0.4807692307692308 0.10096153846153846 0.24639423076923078
0 0.6658653846153846 0.5853365384615384 0.10576923076923077 0.1045673076923077
1 0.6634615384615384 0.734375 0.20673076923076922 0.14423076923076922
1 0.65625 0.10096153846153846 0.040865384615384616 0.04807692307692308
0 0.5865384615384616 0.1045673076923077 0.021634615384615384 0.028846153846153848
0 0.5588942307692307 0.10817307692307693 0.026442307692307692 0.037259615384615384
1 0.5060096153846154 0.14182692307692307 0.06971153846153846 0.09134615384615384
0 0.5384615384615384 0.14423076923076922 0.027644230769230768 0.04326923076923077
0 0.6286057692307693 0.15985576923076922 0.036057692307692304 0.039663461538461536
1 0.7872596153846154 0.16105769230769232 0.06129807692307692 0.04326923076923077
0 0.44471153846153844 0.19471153846153846 0.052884615384615384 0.06490384615384616
0 0.6057692307692307 0.19471153846153846 0.046875 0.056490384615384616
1 0.7884615384615384 0.20673076923076922 0.06850961538461539 0.042067307692307696
0 0.5769230769230769 0.22956730769230768 0.046875 0.0625
1 0.7848557692307693 0.24519230769230768 0.06850961538461539 0.056490384615384616
0 0.390625 0.24639423076923078 0.05889423076923077 0.09014423076923077
0 0.5360576923076923 0.27163461538461536 0.05889423076923077 0.09014423076923077
1 0.31850961538461536 0.28966346153846156 0.07211538461538461 0.13341346153846154
0 0.7463942307692307 0.3004807692307692 0.06370192307692307 0.05048076923076923