1 0.46153846153846156 0.34375 0.09254807692307693 0.09134615384615384
1 0.2920673076923077 0.3485576923076923 0.11538461538461539 0.08173076923076923
1 0.4963942307692308 0.40865384615384615 0.09735576923076923 0.11298076923076923
1 0.3004807692307692 0.4230769230769231 0.1466346153846154 0.125
0 0.5637019230769231 0.484375 0.09375 0.09014423076923077
0 0.3329326923076923 0.5036057692307693 0.08774038461538461 0.07451923076923077
1 0.6478365384615384 0.5396634615384616 0.15745192307692307 0.15384615384615385
1 0.3762019230769231 0.6201923076923077 0.19110576923076922 0.16466346153846154
0 0.7331730769230769 0.6670673076923077 0.1141826923076923 0.14543269230769232
1 0.42427884615384615 0.7776442307692307 0.19471153846153846 0.1875
1 0.8112980769230769 0.7992788461538461 0.14543269230769232 0.20192307692307693
0 0.53125 0.8882211538461539 0.109375 0.16826923076923078
0 0.9002403846153846 0.9026442307692307 0.09495192307692307 0.1310096153846154
0 0.6754807692307693 0.9459134615384616 0.14423076923076922 0.1045673076923077
1 0.24639423076923078 0.22235576923076922 0.0889423076923077 0.028846153846153848
1 0.38221153846153844 0.23197115384615385 0.0829326923076923 0.0733173076923077
1 0.23677884615384615 0.265625 0.08653846153846154 0.056490384615384616
0 0.4050480769230769 0.2776442307692308 0.055288461538461536 0.042067307692307696
1 0.234375 0.3245192307692308 0.08413461538461539 0.07451923076923077
0 0.4026442307692308 0.3293269230769231 0.046875 0.05048076923076923