1 0.43028846153846156 0.3918269230769231 0.04326923076923077 0.0625
1 0.3605769230769231 0.4098557692307692 0.07932692307692307 0.06490384615384616
0 0.3125 0.4338942307692308 0.056490384615384616 0.0625
1 0.17668269230769232 0.4375 0.09735576923076923 0.11658653846153846
1 0.6838942307692307 0.4951923076923077 0.1141826923076923 0.08533653846153846
0 0.09375 0.5096153846153846 0.06850961538461539 0.08173076923076923
0 0.5997596153846154 0.6105769230769231 0.09495192307692307 0.07932692307692307
0 0.5300480769230769 0.6706730769230769 0.08413461538461539 0.1045673076923077
1 0.4411057692307692 0.7139423076923077 0.1201923076923077 0.15264423076923078
1 0.27283653846153844 0.7608173076923077 0.17307692307692307 0.21634615384615385
0 0.10096153846153846 0.8605769230769231 0.14423076923076922 0.22956730769230768