1 0.6177884615384616 0.5060096153846154 0.05889423076923077 0.08052884615384616
1 0.4230769230769231 0.5300480769230769 0.052884615384615384 0.08653846153846154
0 0.5817307692307693 0.5420673076923077 0.03485576923076923 0.046875
0 0.5192307692307693 0.5444711538461539 0.038461538461538464 0.052884615384615384
0 0.4735576923076923 0.5456730769230769 0.037259615384615384 0.05048076923076923
1 0.203125 0.5456730769230769 0.040865384615384616 0.07211538461538461
1 0.32091346153846156 0.5528846153846154 0.04567307692307692 0.05889423076923077
1 0.09375 0.5540865384615384 0.046875 0.078125
1 0.6850961538461539 0.5552884615384616 0.057692307692307696 0.07572115384615384
1 0.1502403846153846 0.5600961538461539 0.036057692307692304 0.07211538461538461
0 0.36899038461538464 0.5637019230769231 0.038461538461538464 0.046875
1 0.7524038461538461 0.5625 0.055288461538461536 0.09975961538461539
0 0.04807692307692308 0.5697115384615384 0.04326923076923077 0.046875
0 0.2620192307692308 0.5709134615384616 0.04326923076923077 0.055288461538461536
1 0.5588942307692307 0.5805288461538461 0.04567307692307692 0.06971153846153846
1 0.4963942307692308 0.6141826923076923 0.046875 0.09735576923076923
1 0.21514423076923078 0.6237980769230769 0.04807692307692308 0.0673076923076923
1 0.8245192307692307 0.6237980769230769 0.07692307692307693 0.09495192307692307
1 0.0673076923076923 0.6322115384615384 0.040865384615384616 0.06129807692307692
1 0.36538461538461536 0.6322115384615384 0.055288461538461536 0.07211538461538461
0 0.42427884615384615 0.6346153846153846 0.04567307692307692 0.07211538461538461
0 0.1466346153846154 0.6382211538461539 0.042067307692307696 0.04447115384615385
1 0.7007211538461539 0.6466346153846154 0.057692307692307696 0.09975961538461539
1 0.6262019230769231 0.65625 0.056490384615384616 0.09735576923076923
1 0.3004807692307692 0.671875 0.06850961538461539 0.09975961538461539
1 0.5625 0.6754807692307693 0.07211538461538461 0.09735576923076923
0 0.765625 0.6790865384615384 0.037259615384615384 0.07211538461538461
1 0.12860576923076922 0.7079326923076923 0.0625 0.11658653846153846
1 0.22596153846153846 0.7079326923076923 0.056490384615384616 0.08413461538461539
1 0.04447115384615385 0.7091346153846154 0.06129807692307692 0.08653846153846154
0 0.4723557692307692 0.7307692307692307 0.06370192307692307 0.10336538461538461
0 0.39663461538461536 0.7331730769230769 0.05889423076923077 0.09495192307692307
1 0.9459134615384616 0.8317307692307693 0.09254807692307693 0.15264423076923078
1 0.8305288461538461 0.8509615384615384 0.09254807692307693 0.1141826923076923
1 0.625 0.8713942307692307 0.09014423076923077 0.19471153846153846
1 0.7355769230769231 0.875 0.07932692307692307 0.1502403846153846
1 0.5012019230769231 0.9110576923076923 0.11057692307692307 0.17307692307692307
1 0.11658653846153846 0.9206730769230769 0.1045673076923077 0.15865384615384615
0 0.3786057692307692 0.9278846153846154 0.10336538461538461 0.13942307692307693
1 0.25961538461538464 0.9362980769230769 0.1045673076923077 0.12259615384615384