1 0.4254807692307692 0.5252403846153846 0.046875 0.06971153846153846
0 0.5685096153846154 0.5372596153846154 0.025240384615384616 0.038461538461538464
0 0.5180288461538461 0.5384615384615384 0.030048076923076924 0.042067307692307696
1 0.31850961538461536 0.5384615384615384 0.038461538461538464 0.06370192307692307
0 0.4723557692307692 0.5432692307692307 0.030048076923076924 0.038461538461538464
1 0.20793269230769232 0.5516826923076923 0.040865384615384616 0.0673076923076923
1 0.09495192307692307 0.5588942307692307 0.04567307692307692 0.06971153846153846
0 0.3713942307692308 0.5576923076923077 0.036057692307692304 0.055288461538461536
1 0.15264423076923078 0.5576923076923077 0.038461538461538464 0.0673076923076923
1 0.6778846153846154 0.5576923076923077 0.056490384615384616 0.07211538461538461
0 0.2608173076923077 0.5600961538461539 0.03485576923076923 0.038461538461538464
0 0.04326923076923077 0.5721153846153846 0.03485576923076923 0.046875
1 0.7512019230769231 0.5709134615384616 0.04567307692307692 0.08413461538461539
1 0.5588942307692307 0.5793269230769231 0.04567307692307692 0.07211538461538461
1 0.4987980769230769 0.6033653846153846 0.056490384615384616 0.09735576923076923
0 0.2800480769230769 0.6213942307692307 0.038461538461538464 0.05048076923076923
1 0.35697115384615385 0.6298076923076923 0.04567307692307692 0.08413461538461539
1 0.06971153846153846 0.6310096153846154 0.042067307692307696 0.05889423076923077
1 0.8233173076923077 0.6382211538461539 0.07451923076923077 0.09495192307692307
0 0.14182692307692307 0.640625 0.04326923076923077 0.05048076923076923
0 0.43149038461538464 0.6430288461538461 0.052884615384615384 0.0673076923076923
1 0.6310096153846154 0.6502403846153846 0.055288461538461536 0.10336538461538461
1 0.6971153846153846 0.6490384615384616 0.057692307692307696 0.10576923076923077
0 0.7620192307692307 0.6694711538461539 0.04326923076923077 0.07572115384615384
1 0.5625 0.6790865384615384 0.0625 0.09495192307692307
1 0.30288461538461536 0.6911057692307693 0.05889423076923077 0.11177884615384616
1 0.22355769230769232 0.7091346153846154 0.05048076923076923 0.09134615384615384
1 0.046875 0.7079326923076923 0.0625 0.078125
1 0.12740384615384615 0.7175480769230769 0.06129807692307692 0.10817307692307693
0 0.4723557692307692 0.7259615384615384 0.06129807692307692 0.08052884615384616
0 0.390625 0.7295673076923077 0.05889423076923077 0.08413461538461539
1 0.953125 0.8341346153846154 0.08774038461538461 0.14783653846153846
1 0.8365384615384616 0.8521634615384616 0.09495192307692307 0.12860576923076922
1 0.6286057692307693 0.875 0.09975961538461539 0.18389423076923078
1 0.7415865384615384 0.8954326923076923 0.07932692307692307 0.16466346153846154
1 0.5084134615384616 0.9110576923076923 0.09254807692307693 0.17307692307692307
1 0.3701923076923077 0.9194711538461539 0.09975961538461539 0.14543269230769232
1 0.11538461538461539 0.9194711538461539 0.09014423076923077 0.15625
1 0.020432692307692308 0.9302884615384616 0.040865384615384616 0.13341346153846154
1 0.2536057692307692 0.9326923076923077 0.08413461538461539 0.12860576923076922