0 0.5348557692307693 0.6442307692307693 0.036057692307692304 0.027644230769230768
0 0.49158653846153844 0.6514423076923077 0.030048076923076924 0.030048076923076924
0 0.5721153846153846 0.6502403846153846 0.025240384615384616 0.03365384615384615
0 0.4014423076923077 0.6514423076923077 0.025240384615384616 0.025240384615384616
0 0.4495192307692308 0.6514423076923077 0.03485576923076923 0.025240384615384616
0 0.6682692307692307 0.6514423076923077 0.037259615384615384 0.025240384615384616
0 0.6201923076923077 0.6538461538461539 0.03125 0.019230769230769232
0 0.35697115384615385 0.6586538461538461 0.03245192307692308 0.021634615384615384
1 0.29447115384615385 0.6610576923076923 0.042067307692307696 0.06610576923076923
0 0.5420673076923077 0.6875 0.040865384615384616 0.046875
0 0.3858173076923077 0.6899038461538461 0.04326923076923077 0.042067307692307696
0 0.6947115384615384 0.6887019230769231 0.042067307692307696 0.03365384615384615
0 0.5961538461538461 0.6899038461538461 0.038461538461538464 0.036057692307692304
0 0.6442307692307693 0.6899038461538461 0.036057692307692304 0.042067307692307696
0 0.3401442307692308 0.6911057692307693 0.038461538461538464 0.05048076923076923
0 0.43990384615384615 0.6911057692307693 0.04567307692307692 0.05048076923076923
0 0.49399038461538464 0.6959134615384616 0.040865384615384616 0.042067307692307696
1 0.1935096153846154 0.7439903846153846 0.06370192307692307 0.078125
0 0.4326923076923077 0.7512019230769231 0.056490384615384616 0.052884615384615384
0 0.3557692307692308 0.7644230769230769 0.05889423076923077 0.06610576923076923
0 0.6598557692307693 0.7668269230769231 0.05889423076923077 0.055288461538461536
1 0.9591346153846154 0.7836538461538461 0.078125 0.12740384615384615
1 0.5096153846153846 0.7920673076923077 0.06129807692307692 0.12740384615384615
1 0.5949519230769231 0.7980769230769231 0.0625 0.11899038461538461
1 0.7740384615384616 0.8004807692307693 0.08173076923076923 0.13942307692307693
1 0.24278846153846154 0.8052884615384616 0.07692307692307693 0.10576923076923077
0 0.8894230769230769 0.828125 0.052884615384615384 0.06129807692307692
0 0.1466346153846154 0.8293269230769231 0.056490384615384616 0.06971153846153846
0 0.43028846153846156 0.8329326923076923 0.06370192307692307 0.09495192307692307
0 0.6947115384615384 0.8425480769230769 0.06850961538461539 0.07451923076923077
0 0.3293269230769231 0.8425480769230769 0.06971153846153846 0.08653846153846154
1 0.953125 0.9447115384615384 0.09014423076923077 0.10576923076923077
1 0.8197115384615384 0.9495192307692307 0.0985576923076923 0.09495192307692307
1 0.46033653846153844 0.9579326923076923 0.09495192307692307 0.078125