1 0.1971153846153846 0.3449519230769231 0.052884615384615384 0.09735576923076923
1 0.13341346153846154 0.36538461538461536 0.055288461538461536 0.10576923076923077
1 0.65625 0.3786057692307692 0.10336538461538461 0.1310096153846154
1 0.5973557692307693 0.4230769230769231 0.109375 0.13701923076923078
0 0.8810096153846154 0.4254807692307692 0.06610576923076923 0.0733173076923077
0 0.09735576923076923 0.4254807692307692 0.046875 0.0625
1 0.4963942307692308 0.4723557692307692 0.11899038461538461 0.19591346153846154
1 0.8064903846153846 0.5432692307692307 0.1502403846153846 0.14543269230769232
0 0.43509615384615385 0.5480769230769231 0.0829326923076923 0.1622596153846154
0 0.3401442307692308 0.5973557692307693 0.09014423076923077 0.15865384615384615
0 0.7668269230769231 0.6394230769230769 0.07451923076923077 0.15865384615384615
0 0.23798076923076922 0.6634615384615384 0.09735576923076923 0.1814903846153846
1 0.12620192307692307 0.6983173076923077 0.12139423076923077 0.2668269230769231
1 0.6802884615384616 0.7043269230769231 0.15745192307692307 0.24158653846153846
1 0.5504807692307693 0.7764423076923077 0.16346153846153846 0.22716346153846154
1 0.28725961538461536 0.8629807692307693 0.14543269230769232 0.16706730769230768
0 0.4362980769230769 0.8701923076923077 0.11778846153846154 0.15985576923076922
1 0.5612980769230769 0.19471153846153846 0.052884615384615384 0.056490384615384616
1 0.5096153846153846 0.20192307692307693 0.040865384615384616 0.0625
1 0.46875 0.2283653846153846 0.06610576923076923 0.0733173076923077
1 0.3762019230769231 0.2608173076923077 0.06129807692307692 0.07932692307692307
0 0.3245192307692308 0.30528846153846156 0.04807692307692308 0.06850961538461539
0 0.25841346153846156 0.33052884615384615 0.06129807692307692 0.08173076923076923