0 0.234375 0.3557692307692308 0.09975961538461539 0.056490384615384616
1 0.11057692307692307 0.36658653846153844 0.06971153846153846 0.07091346153846154
0 0.59375 0.36658653846153844 0.11538461538461539 0.06610576923076923
1 0.021634615384615384 0.3786057692307692 0.042067307692307696 0.06850961538461539
0 0.8088942307692307 0.40865384615384615 0.12139423076923077 0.07451923076923077
0 0.16826923076923078 0.4254807692307692 0.06370192307692307 0.0733173076923077
0 0.06971153846153846 0.4338942307692308 0.04807692307692308 0.05889423076923077
1 0.5504807692307693 0.4699519230769231 0.2403846153846154 0.19831730769230768
0 0.019230769230769232 0.48197115384615385 0.037259615384615384 0.0733173076923077
0 0.7932692307692307 0.49158653846153844 0.140625 0.09615384615384616
0 0.10576923076923077 0.4987980769230769 0.06971153846153846 0.09375
0 0.04326923076923077 0.5865384615384616 0.0625 0.09014423076923077
0 0.7776442307692307 0.6442307692307693 0.16346153846153846 0.15264423076923078
0 0.46033653846153844 0.6454326923076923 0.20192307692307693 0.15384615384615385
0 0.359375 0.8173076923076923 0.21875 0.19831730769230768
1 0.7692307692307693 0.8269230769230769 0.30649038461538464 0.2247596153846154
0 0.23076923076923078 0.9230769230769231 0.17307692307692307 0.1502403846153846
1 0.34975961538461536 0.16466346153846154 0.051682692307692304 0.04567307692307692
1 0.43149038461538464 0.16826923076923078 0.08413461538461539 0.05889423076923077
1 0.2932692307692308 0.1935096153846154 0.07211538461538461 0.054086538461538464
0 0.40024038461538464 0.2091346153846154 0.04567307692307692 0.04807692307692308
0 0.6923076923076923 0.23076923076923078 0.06610576923076923 0.042067307692307696
1 0.328125 0.2403846153846154 0.10336538461538461 0.08173076923076923
0 0.6634615384615384 0.265625 0.0829326923076923 0.056490384615384616
1 0.21153846153846154 0.27163461538461536 0.07211538461538461 0.06850961538461539
0 0.28725961538461536 0.3004807692307692 0.07451923076923077 0.05048076923076923
1 0.8137019230769231 0.31009615384615385 0.15144230769230768 0.125
0 0.6310096153846154 0.3125 0.11899038461538461 0.07091346153846154
0 0.17067307692307693 0.32572115384615385 0.04326923076923077 0.051682692307692304