1 0.34615384615384615 0.33533653846153844 0.057692307692307696 0.09615384615384616
1 0.40865384615384615 0.33533653846153844 0.06370192307692307 0.0829326923076923
1 0.28725961538461536 0.33774038461538464 0.040865384615384616 0.09134615384615384
1 0.47836538461538464 0.35216346153846156 0.056490384615384616 0.125
1 0.5528846153846154 0.36538461538461536 0.057692307692307696 0.12259615384615384
1 0.625 0.38341346153846156 0.06850961538461539 0.11298076923076923
1 0.6935096153846154 0.4050480769230769 0.056490384615384616 0.1141826923076923
1 0.22115384615384615 0.40865384615384615 0.0673076923076923 0.12860576923076922
1 0.14783653846153846 0.40865384615384615 0.0733173076923077 0.11658653846153846
1 0.7584134615384616 0.421875 0.0673076923076923 0.09735576923076923
1 0.3641826923076923 0.4338942307692308 0.07451923076923077 0.15865384615384615
0 0.28365384615384615 0.4639423076923077 0.06129807692307692 0.11057692307692307
0 0.45072115384615385 0.5120192307692307 0.0673076923076923 0.1502403846153846
1 0.6466346153846154 0.5216346153846154 0.07451923076923077 0.17307692307692307
0 0.5492788461538461 0.5384615384615384 0.0829326923076923 0.13942307692307693
0 0.7271634615384616 0.5504807692307693 0.0733173076923077 0.14783653846153846
1 0.859375 0.5540865384615384 0.07211538461538461 0.17548076923076922
1 0.9206730769230769 0.5600961538461539 0.06610576923076923 0.17908653846153846
1 0.8064903846153846 0.5612980769230769 0.0829326923076923 0.15264423076923078
1 0.34975961538461536 0.2283653846153846 0.055288461538461536 0.06009615384615385
0 0.4014423076923077 0.23798076923076922 0.037259615384615384 0.06850961538461539
0 0.45913461538461536 0.2403846153846154 0.04567307692307692 0.051682692307692304
1 0.5108173076923077 0.24759615384615385 0.052884615384615384 0.06610576923076923
1 0.6213942307692307 0.25240384615384615 0.03245192307692308 0.054086538461538464
0 0.5793269230769231 0.2536057692307692 0.04567307692307692 0.04807692307692308
1 0.6814903846153846 0.2764423076923077 0.04326923076923077 0.06850961538461539
1 0.234375 0.31971153846153844 0.05889423076923077 0.08173076923076923