1 0.6814903846153846 0.3401442307692308 0.06971153846153846 0.11298076923076923
0 0.07932692307692307 0.46153846153846156 0.06370192307692307 0.04807692307692308
1 0.3137019230769231 0.49759615384615385 0.14182692307692307 0.15865384615384615
0 0.1045673076923077 0.5492788461538461 0.11899038461538461 0.11057692307692307
1 0.4362980769230769 0.5528846153846154 0.15985576923076922 0.23557692307692307
1 0.5360576923076923 0.6610576923076923 0.1875 0.2608173076923077
0 0.1658653846153846 0.6658653846153846 0.1466346153846154 0.15264423076923078
0 0.2403846153846154 0.8004807692307693 0.13701923076923078 0.19591346153846154
0 0.38100961538461536 0.8473557692307693 0.14182692307692307 0.17067307692307693
1 0.6081730769230769 0.23076923076923078 0.04807692307692308 0.06009615384615385
1 0.65625 0.2512019230769231 0.07451923076923077 0.0733173076923077
0 0.7163461538461539 0.2608173076923077 0.038461538461538464 0.0625
1 0.5432692307692307 0.2668269230769231 0.08413461538461539 0.09134615384615384
0 0.609375 0.31850961538461536 0.052884615384615384 0.09134615384615384