0 0.5060096153846154 0.3605769230769231 0.08774038461538461 0.07451923076923077
1 0.4362980769230769 0.38221153846153844 0.1045673076923077 0.10576923076923077
1 0.8497596153846154 0.39663461538461536 0.1045673076923077 0.0733173076923077
0 0.38461538461538464 0.453125 0.08173076923076923 0.10216346153846154
1 0.8317307692307693 0.4651442307692308 0.13581730769230768 0.08173076923076923
1 0.32211538461538464 0.49399038461538464 0.109375 0.13341346153846154
1 0.8197115384615384 0.5396634615384616 0.1201923076923077 0.09615384615384616
0 0.10817307692307693 0.5625 0.04567307692307692 0.0829326923076923
1 0.21634615384615385 0.5805288461538461 0.13221153846153846 0.20673076923076922
1 0.04567307692307692 0.5913461538461539 0.06850961538461539 0.1045673076923077
1 0.7848557692307693 0.6334134615384616 0.1502403846153846 0.11298076923076923
0 0.16466346153846154 0.7091346153846154 0.12620192307692307 0.14423076923076922
1 0.7704326923076923 0.7668269230769231 0.17548076923076922 0.1622596153846154
1 0.07692307692307693 0.7692307692307693 0.10096153846153846 0.22115384615384615
1 0.6754807692307693 0.8713942307692307 0.15504807692307693 0.1622596153846154
1 0.6033653846153846 0.2704326923076923 0.07211538461538461 0.06610576923076923
1 0.5288461538461539 0.30408653846153844 0.0889423076923077 0.07932692307692307
1 0.8485576923076923 0.31971153846153844 0.09014423076923077 0.051682692307692304