0 0.8942307692307693 0.3329326923076923 0.03485576923076923 0.06610576923076923
0 0.8629807692307693 0.3449519230769231 0.021634615384615384 0.06009615384615385
0 0.6646634615384616 0.35216346153846156 0.06129807692307692 0.13701923076923078
1 0.8125 0.3581730769230769 0.06610576923076923 0.1502403846153846
0 0.7379807692307693 0.37259615384615385 0.06971153846153846 0.12860576923076922
0 0.875 0.4362980769230769 0.046875 0.08173076923076923
0 0.9254807692307693 0.4519230769230769 0.03125 0.07091346153846154
0 0.09495192307692307 0.5372596153846154 0.0733173076923077 0.15384615384615385
0 0.18269230769230768 0.5889423076923077 0.08774038461538461 0.13581730769230768
0 0.3173076923076923 0.6814903846153846 0.125 0.19951923076923078
0 0.4639423076923077 0.7163461538461539 0.12860576923076922 0.1875
0 0.6057692307692307 0.8028846153846154 0.12139423076923077 0.18990384615384615
0 0.042067307692307696 0.8100961538461539 0.06850961538461539 0.17548076923076922
1 0.7572115384615384 0.8329326923076923 0.1310096153846154 0.20432692307692307
0 0.8485576923076923 0.8497596153846154 0.06610576923076923 0.15384615384615385
0 0.9302884615384616 0.8557692307692307 0.06610576923076923 0.12259615384615384
0 0.15504807692307693 0.9002403846153846 0.09375 0.19591346153846154
1 0.31971153846153844 0.14903846153846154 0.052884615384615384 0.07692307692307693
1 0.3858173076923077 0.15264423076923078 0.0625 0.08173076923076923
1 0.48197115384615385 0.17427884615384615 0.06129807692307692 0.10216346153846154
0 0.5444711538461539 0.17908653846153846 0.038461538461538464 0.07932692307692307
0 0.6177884615384616 0.19591346153846154 0.037259615384615384 0.054086538461538464
1 0.23798076923076922 0.21754807692307693 0.06129807692307692 0.08533653846153846
1 0.7379807692307693 0.22956730769230768 0.057692307692307696 0.12139423076923077
0 0.6694711538461539 0.234375 0.055288461538461536 0.07692307692307693
1 0.29927884615384615 0.24158653846153846 0.0733173076923077 0.09615384615384616
0 0.3713942307692308 0.2536057692307692 0.042067307692307696 0.08774038461538461
1 0.5865384615384616 0.2776442307692308 0.0625 0.14543269230769232
0 0.42908653846153844 0.2776442307692308 0.051682692307692304 0.09014423076923077
0 0.5120192307692307 0.2848557692307692 0.055288461538461536 0.1045673076923077