1 0.8509615384615384 0.34975961538461536 0.046875 0.0829326923076923
1 0.11658653846153846 0.3786057692307692 0.1201923076923077 0.1141826923076923
1 0.43028846153846156 0.4050480769230769 0.12620192307692307 0.16466346153846154
0 0.17307692307692307 0.4182692307692308 0.07932692307692307 0.06490384615384616
0 0.17067307692307693 0.48197115384615385 0.07451923076923077 0.08533653846153846
0 0.47475961538461536 0.5096153846153846 0.08774038461538461 0.14783653846153846
0 0.22596153846153846 0.5240384615384616 0.11899038461538461 0.1141826923076923
1 0.5973557692307693 0.5480769230769231 0.1310096153846154 0.17067307692307693
0 0.2536057692307692 0.6117788461538461 0.13221153846153846 0.12740384615384615
1 0.7019230769230769 0.6466346153846154 0.11778846153846154 0.24759615384615385
1 0.34975961538461536 0.6838942307692307 0.18028846153846154 0.25
1 0.8125 0.7043269230769231 0.11899038461538461 0.30408653846153844
0 0.4567307692307692 0.78125 0.1201923076923077 0.19951923076923078
0 0.6141826923076923 0.8425480769230769 0.13701923076923078 0.1814903846153846
0 0.5168269230769231 0.8990384615384616 0.003605769230769231 0.002403846153846154
1 0.5805288461538461 0.12860576923076922 0.038461538461538464 0.04326923076923077
1 0.6141826923076923 0.15144230769230768 0.04326923076923077 0.051682692307692304
1 0.5192307692307693 0.15985576923076922 0.07451923076923077 0.08173076923076923
1 0.6598557692307693 0.15985576923076922 0.038461538461538464 0.056490384615384616
1 0.7151442307692307 0.1814903846153846 0.04567307692307692 0.07091346153846154
1 0.5504807692307693 0.19471153846153846 0.06370192307692307 0.06850961538461539
1 0.7572115384615384 0.20432692307692307 0.040865384615384616 0.08774038461538461
1 0.6117788461538461 0.20673076923076922 0.051682692307692304 0.0625
1 0.6658653846153846 0.23557692307692307 0.057692307692307696 0.07932692307692307
1 0.8052884615384616 0.24278846153846154 0.037259615384615384 0.0733173076923077
1 0.7259615384615384 0.27524038461538464 0.057692307692307696 0.07451923076923077
1 0.2800480769230769 0.27884615384615385 0.09495192307692307 0.11658653846153846
1 0.8509615384615384 0.2824519230769231 0.037259615384615384 0.06490384615384616
0 0.12379807692307693 0.3088942307692308 0.05889423076923077 0.037259615384615384
0 0.7848557692307693 0.3088942307692308 0.05048076923076923 0.08774038461538461
1 0.9098557692307693 0.31490384615384615 0.04567307692307692 0.10817307692307693
1 0.3605769230769231 0.3245192307692308 0.12860576923076922 0.125