1 0.3954326923076923 0.3581730769230769 0.08413461538461539 0.13701923076923078
0 0.49038461538461536 0.40625 0.08173076923076923 0.1502403846153846
1 0.6033653846153846 0.41466346153846156 0.07692307692307693 0.16706730769230768
0 0.08173076923076923 0.4338942307692308 0.06129807692307692 0.11899038461538461
1 0.7103365384615384 0.45913461538461536 0.07692307692307693 0.21033653846153846
1 0.13822115384615385 0.4639423076923077 0.08653846153846154 0.1141826923076923
1 0.8137019230769231 0.5084134615384616 0.08413461538461539 0.2247596153846154
1 0.24879807692307693 0.5733173076923077 0.10336538461538461 0.19110576923076922
1 0.9134615384615384 0.5733173076923077 0.07692307692307693 0.19951923076923078
1 0.36899038461538464 0.6334134615384616 0.1141826923076923 0.25841346153846156
0 0.5072115384615384 0.7127403846153846 0.11538461538461539 0.24158653846153846
1 0.6502403846153846 0.7560096153846154 0.1045673076923077 0.28365384615384615
1 0.8076923076923077 0.7956730769230769 0.109375 0.2704326923076923
1 0.3293269230769231 0.12259615384615384 0.03125 0.05048076923076923
1 0.3713942307692308 0.125 0.04326923076923077 0.054086538461538464
1 0.25 0.12620192307692307 0.040865384615384616 0.051682692307692304
1 0.2956730769230769 0.12860576923076922 0.03125 0.04567307692307692
1 0.4254807692307692 0.1346153846153846 0.046875 0.06009615384615385
1 0.18629807692307693 0.13701923076923078 0.051682692307692304 0.05048076923076923
1 0.49278846153846156 0.14182692307692307 0.06971153846153846 0.06610576923076923
1 0.6466346153846154 0.17548076923076922 0.055288461538461536 0.07692307692307693
1 0.7307692307692307 0.20793269230769232 0.05889423076923077 0.0829326923076923
1 0.8064903846153846 0.23918269230769232 0.056490384615384616 0.0829326923076923
1 0.8786057692307693 0.2776442307692308 0.0733173076923077 0.11057692307692307
1 0.2608173076923077 0.2860576923076923 0.06610576923076923 0.11057692307692307
1 0.9579326923076923 0.3233173076923077 0.07451923076923077 0.125
1 0.3076923076923077 0.33052884615384615 0.06850961538461539 0.11899038461538461