0 0.6009615384615384 0.3389423076923077 0.07451923076923077 0.06850961538461539
0 0.19471153846153846 0.34375 0.0625 0.042067307692307696
0 0.20192307692307693 0.37259615384615385 0.0625 0.05889423076923077
0 0.6586538461538461 0.38100961538461536 0.057692307692307696 0.09134615384615384
0 0.22716346153846154 0.41225961538461536 0.0673076923076923 0.08774038461538461
0 0.055288461538461536 0.4182692307692308 0.051682692307692304 0.03125
0 0.7331730769230769 0.42788461538461536 0.07692307692307693 0.08533653846153846
0 0.06850961538461539 0.44711538461538464 0.042067307692307696 0.039663461538461536
0 0.25841346153846156 0.46153846153846156 0.0673076923076923 0.09375
0 0.06850961538461539 0.4963942307692308 0.056490384615384616 0.04807692307692308
0 0.2956730769230769 0.5084134615384616 0.10817307692307693 0.11298076923076923
0 0.078125 0.546875 0.046875 0.06490384615384616
0 0.078125 0.6105769230769231 0.08413461538461539 0.09975961538461539
0 0.33413461538461536 0.6129807692307693 0.1502403846153846 0.14783653846153846
1 0.3918269230769231 0.6754807692307693 0.22235576923076922 0.23918269230769232
0 0.09975961538461539 0.6995192307692307 0.1141826923076923 0.13581730769230768
0 0.5144230769230769 0.7848557692307693 0.22355769230769232 0.22115384615384615
0 0.14423076923076922 0.7896634615384616 0.203125 0.12139423076923077
0 0.20192307692307693 0.8786057692307693 0.15264423076923078 0.09375
1 0.5721153846153846 0.12740384615384615 0.042067307692307696 0.05048076923076923
0 0.5012019230769231 0.1658653846153846 0.042067307692307696 0.03485576923076923
0 0.5348557692307693 0.18870192307692307 0.03485576923076923 0.03485576923076923
1 0.4026442307692308 0.19951923076923078 0.0829326923076923 0.09014423076923077
0 0.5685096153846154 0.19951923076923078 0.036057692307692304 0.04326923076923077
0 0.5997596153846154 0.21514423076923078 0.036057692307692304 0.04567307692307692
1 0.6442307692307693 0.22235576923076922 0.06850961538461539 0.08173076923076923
0 0.46153846153846156 0.2512019230769231 0.051682692307692304 0.06490384615384616
1 0.7331730769230769 0.2704326923076923 0.056490384615384616 0.08774038461538461
0 0.5060096153846154 0.28846153846153844 0.05889423076923077 0.0733173076923077
0 0.5504807692307693 0.30528846153846156 0.06370192307692307 0.06490384615384616
1 0.7980769230769231 0.30528846153846156 0.042067307692307696 0.12259615384615384