0 0.7620192307692307 0.3449519230769231 0.0733173076923077 0.08533653846153846
0 0.6983173076923077 0.3581730769230769 0.052884615384615384 0.11298076923076923
1 0.6286057692307693 0.36177884615384615 0.078125 0.14423076923076922
1 0.3918269230769231 0.3918269230769231 0.07692307692307693 0.125
0 0.3004807692307692 0.4182692307692308 0.057692307692307696 0.09615384615384616
0 0.21514423076923078 0.44711538461538464 0.056490384615384616 0.1141826923076923
0 0.8365384615384616 0.515625 0.08173076923076923 0.15985576923076922
0 0.7572115384615384 0.5348557692307693 0.078125 0.1622596153846154
1 0.6887019230769231 0.5408653846153846 0.11057692307692307 0.20673076923076922
0 0.5745192307692307 0.5973557692307693 0.09975961538461539 0.19831730769230768
1 0.4795673076923077 0.6213942307692307 0.12139423076923077 0.2536057692307692
1 0.34975961538461536 0.6370192307692307 0.10817307692307693 0.23076923076923078
0 0.23677884615384615 0.6923076923076923 0.1141826923076923 0.22716346153846154
1 0.10817307692307693 0.7067307692307693 0.12620192307692307 0.25841346153846156
1 0.6262019230769231 0.20432692307692307 0.056490384615384616 0.054086538461538464
1 0.46033653846153844 0.21153846153846154 0.051682692307692304 0.0733173076923077
1 0.5396634615384616 0.21033653846153846 0.051682692307692304 0.054086538461538464
1 0.39903846153846156 0.22956730769230768 0.04567307692307692 0.0625
1 0.33052884615384615 0.2403846153846154 0.04567307692307692 0.06490384615384616
0 0.2704326923076923 0.2620192307692308 0.040865384615384616 0.042067307692307696