1 0.21995192307692307 0.3425480769230769 0.10336538461538461 0.10216346153846154
1 0.08533653846153846 0.3425480769230769 0.07932692307692307 0.09375
1 0.6057692307692307 0.34975961538461536 0.125 0.12860576923076922
1 0.7127403846153846 0.3629807692307692 0.10576923076923077 0.1141826923076923
1 0.8064903846153846 0.38341346153846156 0.0829326923076923 0.12860576923076922
1 0.052884615384615384 0.6117788461538461 0.06370192307692307 0.23076923076923078
1 0.12740384615384615 0.6418269230769231 0.0889423076923077 0.2668269230769231
1 0.22596153846153846 0.6466346153846154 0.12980769230769232 0.3269230769230769
1 0.9651442307692307 0.6838942307692307 0.06610576923076923 0.2536057692307692
1 0.38100961538461536 0.6995192307692307 0.1466346153846154 0.3245192307692308
1 0.9158653846153846 0.7007211538461539 0.0985576923076923 0.24759615384615385
1 0.8221153846153846 0.7007211538461539 0.11298076923076923 0.2848557692307692
1 0.5480769230769231 0.7091346153846154 0.16706730769230768 0.28966346153846156
1 0.7079326923076923 0.7235576923076923 0.1346153846153846 0.28966346153846156
1 0.6009615384615384 0.17067307692307693 0.08413461538461539 0.07091346153846154
0 0.47475961538461536 0.24278846153846154 0.07211538461538461 0.06009615384615385
0 0.38822115384615385 0.24519230769230768 0.057692307692307696 0.04807692307692308
1 0.12139423076923077 0.24639423076923078 0.06370192307692307 0.0625
0 0.3112980769230769 0.25 0.05889423076923077 0.05889423076923077
0 0.24879807692307693 0.25240384615384615 0.0673076923076923 0.042067307692307696
0 0.5661057692307693 0.2536057692307692 0.051682692307692304 0.07091346153846154
1 0.17307692307692307 0.25721153846153844 0.10336538461538461 0.04326923076923077
0 0.6286057692307693 0.2620192307692308 0.06129807692307692 0.07451923076923077
1 0.6911057692307693 0.2800480769230769 0.08413461538461539 0.0733173076923077
1 0.41346153846153844 0.3137019230769231 0.1346153846153846 0.13942307692307693
1 0.17668269230769232 0.31850961538461536 0.09375 0.11298076923076923
1 0.29447115384615385 0.3293269230769231 0.1201923076923077 0.12139423076923077
1 0.5144230769230769 0.3317307692307692 0.125 0.14783653846153846