1 0.35336538461538464 0.40625 0.0889423076923077 0.12139423076923077
1 0.1141826923076923 0.4098557692307692 0.07211538461538461 0.0625
1 0.1310096153846154 0.43028846153846156 0.08173076923076923 0.08173076923076923
1 0.15625 0.4483173076923077 0.09735576923076923 0.07451923076923077
1 0.4387019230769231 0.46634615384615385 0.125 0.19591346153846154
1 0.17427884615384615 0.5096153846153846 0.11778846153846154 0.09735576923076923
1 0.578125 0.5348557692307693 0.1502403846153846 0.24158653846153846
1 0.21875 0.5444711538461539 0.1466346153846154 0.11057692307692307
1 0.9435096153846154 0.5709134615384616 0.0673076923076923 0.17908653846153846
0 0.30528846153846156 0.6622596153846154 0.14903846153846154 0.25
1 0.3737980769230769 0.7860576923076923 0.2247596153846154 0.2644230769230769
0 0.3918269230769231 0.20552884615384615 0.04326923076923077 0.051682692307692304
1 0.4423076923076923 0.21153846153846154 0.05048076923076923 0.06850961538461539
1 0.640625 0.21394230769230768 0.056490384615384616 0.06850961538461539
1 0.4963942307692308 0.21514423076923078 0.0625 0.06850961538461539
1 0.5504807692307693 0.23076923076923078 0.07211538461538461 0.07692307692307693
0 0.6911057692307693 0.23557692307692307 0.055288461538461536 0.05048076923076923
0 0.7295673076923077 0.2548076923076923 0.04326923076923077 0.04807692307692308
0 0.5997596153846154 0.2692307692307692 0.056490384615384616 0.06850961538461539
0 0.6538461538461539 0.29086538461538464 0.057692307692307696 0.0733173076923077
1 0.7019230769230769 0.29447115384615385 0.06610576923076923 0.1141826923076923
1 0.7740384615384616 0.32572115384615385 0.05889423076923077 0.10576923076923077