0 0.2644230769230769 0.3329326923076923 0.057692307692307696 0.054086538461538464
0 0.15144230769230768 0.3425480769230769 0.037259615384615384 0.03485576923076923
0 0.5276442307692307 0.3473557692307692 0.08173076923076923 0.054086538461538464
0 0.7259615384615384 0.34975961538461536 0.0673076923076923 0.042067307692307696
0 0.21875 0.35697115384615385 0.04326923076923077 0.051682692307692304
0 0.11057692307692307 0.3713942307692308 0.037259615384615384 0.04567307692307692
0 0.1622596153846154 0.3870192307692308 0.04567307692307692 0.04807692307692308
0 0.4831730769230769 0.3918269230769231 0.0829326923076923 0.07451923076923077
0 0.7055288461538461 0.39302884615384615 0.0673076923076923 0.04807692307692308
0 0.11778846153846154 0.4326923076923077 0.06850961538461539 0.06490384615384616
0 0.6778846153846154 0.43509615384615385 0.07692307692307693 0.08774038461538461
0 0.4362980769230769 0.45552884615384615 0.08774038461538461 0.0733173076923077
0 0.06971153846153846 0.46875 0.056490384615384616 0.05889423076923077
0 0.6165865384615384 0.48197115384615385 0.10817307692307693 0.09375
0 0.36177884615384615 0.5204326923076923 0.09254807692307693 0.10817307692307693
0 0.5637019230769231 0.5661057692307693 0.12139423076923077 0.10817307692307693
0 0.2764423076923077 0.5841346153846154 0.125 0.12740384615384615
0 0.49399038461538464 0.6742788461538461 0.11899038461538461 0.15264423076923078
0 0.39663461538461536 0.7560096153846154 0.14543269230769232 0.19110576923076922
1 0.36538461538461536 0.15144230769230768 0.04807692307692308 0.04326923076923077
1 0.2860576923076923 0.1502403846153846 0.027644230769230768 0.04567307692307692
1 0.24879807692307693 0.15865384615384615 0.037259615384615384 0.028846153846153848
1 0.3245192307692308 0.16466346153846154 0.051682692307692304 0.04567307692307692
1 0.25240384615384615 0.20793269230769232 0.038461538461538464 0.037259615384615384
0 0.3473557692307692 0.22115384615384615 0.04567307692307692 0.03365384615384615
0 0.40024038461538464 0.2439903846153846 0.04567307692307692 0.042067307692307696
0 0.31009615384615385 0.24639423076923078 0.020432692307692308 0.04567307692307692
0 0.6550480769230769 0.2608173076923077 0.03485576923076923 0.042067307692307696
0 0.2668269230769231 0.26802884615384615 0.030048076923076924 0.02283653846153846
0 0.35697115384615385 0.27163461538461536 0.038461538461538464 0.06009615384615385
0 0.22596153846153846 0.2848557692307692 0.040865384615384616 0.037259615384615384
1 0.7487980769230769 0.28725961538461536 0.1045673076923077 0.1045673076923077
0 0.3173076923076923 0.29086538461538464 0.05048076923076923 0.051682692307692304
0 0.6237980769230769 0.29927884615384615 0.04807692307692308 0.0733173076923077
0 0.18870192307692307 0.31490384615384615 0.04567307692307692 0.03365384615384615
0 0.5757211538461539 0.32211538461538464 0.06971153846153846 0.06009615384615385