0 0.546875 0.34375 0.05048076923076923 0.0625
0 0.2824519230769231 0.3473557692307692 0.04807692307692308 0.04807692307692308
1 0.6081730769230769 0.3473557692307692 0.06370192307692307 0.1141826923076923
0 0.3245192307692308 0.3473557692307692 0.040865384615384616 0.042067307692307696
0 0.4254807692307692 0.3485576923076923 0.04807692307692308 0.056490384615384616
0 0.6706730769230769 0.38341346153846156 0.06129807692307692 0.07451923076923077
0 0.7367788461538461 0.4050480769230769 0.06129807692307692 0.07692307692307693
1 0.8774038461538461 0.40625 0.09254807692307693 0.12860576923076922
0 0.7992788461538461 0.40625 0.06370192307692307 0.08774038461538461
1 0.14903846153846154 0.41225961538461536 0.03245192307692308 0.054086538461538464
1 0.1814903846153846 0.4254807692307692 0.042067307692307696 0.054086538461538464
1 0.21754807692307693 0.4254807692307692 0.040865384615384616 0.05048076923076923
1 0.37259615384615385 0.4266826923076923 0.06370192307692307 0.07932692307692307
1 0.28125 0.43509615384615385 0.06850961538461539 0.0829326923076923
1 0.5120192307692307 0.44711538461538464 0.07211538461538461 0.1310096153846154
0 0.4375 0.45072115384615385 0.06610576923076923 0.07692307692307693
1 0.6129807692307693 0.4723557692307692 0.08774038461538461 0.14182692307692307
0 0.6875 0.4987980769230769 0.06850961538461539 0.13942307692307693
0 0.7572115384615384 0.5084134615384616 0.0733173076923077 0.12139423076923077
1 0.8533653846153846 0.5276442307692307 0.09254807692307693 0.12860576923076922
0 0.9170673076923077 0.5540865384615384 0.046875 0.06610576923076923
0 0.9699519230769231 0.5673076923076923 0.042067307692307696 0.051682692307692304
0 0.41586538461538464 0.24639423076923078 0.025240384615384616 0.020432692307692308
0 0.453125 0.24639423076923078 0.021634615384615384 0.028846153846153848
0 0.5360576923076923 0.24759615384615385 0.027644230769230768 0.025240384615384616
0 0.3870192307692308 0.2536057692307692 0.020432692307692308 0.014423076923076924
0 0.35336538461538464 0.2548076923076923 0.019230769230769232 0.019230769230769232
0 0.5721153846153846 0.2536057692307692 0.030048076923076924 0.025240384615384616
0 0.6189903846153846 0.2608173076923077 0.030048076923076924 0.028846153846153848
0 0.6598557692307693 0.2668269230769231 0.030048076923076924 0.028846153846153848
0 0.7007211538461539 0.2776442307692308 0.036057692307692304 0.03485576923076923
0 0.7475961538461539 0.29086538461538464 0.03245192307692308 0.03485576923076923
0 0.7860576923076923 0.29927884615384615 0.027644230769230768 0.03125
0 0.8293269230769231 0.30408653846153844 0.03125 0.03365384615384615
1 0.48677884615384615 0.30528846153846156 0.057692307692307696 0.11899038461538461
1 0.8894230769230769 0.3125 0.057692307692307696 0.07091346153846154
1 0.37259615384615385 0.3293269230769231 0.06370192307692307 0.06610576923076923