1 0.4483173076923077 0.3473557692307692 0.109375 0.0829326923076923
1 0.2439903846153846 0.35336538461538464 0.11298076923076923 0.08173076923076923
0 0.27403846153846156 0.375 0.0985576923076923 0.06610576923076923
0 0.48197115384615385 0.3858173076923077 0.09254807692307693 0.07091346153846154
1 0.28966346153846156 0.4170673076923077 0.13221153846153846 0.0829326923076923
1 0.5192307692307693 0.4230769230769231 0.12379807692307693 0.1045673076923077
0 0.859375 0.4411057692307692 0.052884615384615384 0.07692307692307693
1 0.3269230769230769 0.45552884615384615 0.14423076923076922 0.10576923076923077
1 0.9158653846153846 0.47475961538461536 0.06610576923076923 0.09975961538461539
1 0.9759615384615384 0.5228365384615384 0.04807692307692308 0.12139423076923077
1 0.3605769230769231 0.53125 0.16105769230769232 0.14182692307692307
1 0.45913461538461536 0.6105769230769231 0.2692307692307692 0.18389423076923078
1 0.5612980769230769 0.7415865384615384 0.15745192307692307 0.2247596153846154
0 0.7175480769230769 0.8689903846153846 0.14182692307692307 0.18389423076923078
0 0.3581730769230769 0.28725961538461536 0.06370192307692307 0.037259615384615384
1 0.3954326923076923 0.31850961538461536 0.09975961538461539 0.07091346153846154