1 0.7295673076923077 0.36538461538461536 0.056490384615384616 0.13942307692307693
1 0.7019230769230769 0.4699519230769231 0.09375 0.17668269230769232
1 0.625 0.5528846153846154 0.09975961538461539 0.20673076923076922
1 0.5276442307692307 0.6646634615384616 0.10817307692307693 0.22956730769230768
1 0.4026442307692308 0.7632211538461539 0.13581730769230768 0.3269230769230769
0 0.5721153846153846 0.16105769230769232 0.030048076923076924 0.03125
0 0.5432692307692307 0.16947115384615385 0.037259615384615384 0.03485576923076923
0 0.5168269230769231 0.19230769230769232 0.040865384615384616 0.03485576923076923
1 0.45072115384615385 0.22235576923076922 0.057692307692307696 0.07932692307692307
0 0.5 0.22596153846153846 0.046875 0.056490384615384616
1 0.71875 0.2704326923076923 0.046875 0.10817307692307693