1 0.07451923076923077 0.34375 0.0889423076923077 0.18389423076923078
0 0.12259615384615384 0.4182692307692308 0.051682692307692304 0.20432692307692307
0 0.9771634615384616 0.42908653846153844 0.04567307692307692 0.16706730769230768
0 0.5216346153846154 0.046875 0.08653846153846154 0.09375
1 0.17668269230769232 0.4807692307692308 0.10576923076923077 0.2980769230769231
0 0.2824519230769231 0.5721153846153846 0.07932692307692307 0.1935096153846154
1 0.36538461538461536 0.6358173076923077 0.11057692307692307 0.3161057692307692
1 0.5096153846153846 0.765625 0.1141826923076923 0.27283653846153844
0 0.6442307692307693 0.09735576923076923 0.0829326923076923 0.12259615384615384
0 0.7584134615384616 0.15865384615384615 0.07932692307692307 0.16706730769230768
0 0.8449519230769231 0.2512019230769231 0.0889423076923077 0.18990384615384615
0 0.9158653846153846 0.32572115384615385 0.06370192307692307 0.21875