1 0.6394230769230769 0.3485576923076923 0.042067307692307696 0.04807692307692308
1 0.6081730769230769 0.3629807692307692 0.051682692307692304 0.05048076923076923
1 0.5661057692307693 0.38461538461538464 0.0673076923076923 0.0733173076923077
1 0.8449519230769231 0.4807692307692308 0.078125 0.0733173076923077
1 0.7776442307692307 0.48197115384615385 0.0829326923076923 0.056490384615384616
1 0.7620192307692307 0.5192307692307693 0.0625 0.051682692307692304
1 0.040865384615384616 0.5661057692307693 0.0673076923076923 0.11899038461538461
1 0.7620192307692307 0.5745192307692307 0.1201923076923077 0.08774038461538461
0 0.7199519230769231 0.6322115384615384 0.10096153846153846 0.09375
1 0.6682692307692307 0.6947115384615384 0.12620192307692307 0.15985576923076922
1 0.5685096153846154 0.7776442307692307 0.15625 0.20192307692307693
0 0.4699519230769231 0.8689903846153846 0.140625 0.1875
0 0.3425480769230769 0.9230769230769231 0.14182692307692307 0.1502403846153846
0 0.19110576923076922 0.9567307692307693 0.12980769230769232 0.0829326923076923