1 0.8125 0.3473557692307692 0.08413461538461539 0.07692307692307693
1 0.2668269230769231 0.3557692307692308 0.07451923076923077 0.06490384615384616
0 0.10576923076923077 0.35697115384615385 0.06610576923076923 0.051682692307692304
1 0.421875 0.3701923076923077 0.08413461538461539 0.07692307692307693
1 0.05048076923076923 0.390625 0.052884615384615384 0.06850961538461539
1 0.2127403846153846 0.39783653846153844 0.07211538461538461 0.09615384615384616
1 0.36177884615384615 0.4266826923076923 0.09495192307692307 0.09975961538461539
1 0.01201923076923077 0.42908653846153844 0.02403846153846154 0.07451923076923077
1 0.8052884615384616 0.4362980769230769 0.11538461538461539 0.11057692307692307
1 0.14783653846153846 0.45913461538461536 0.07932692307692307 0.08173076923076923
0 0.8016826923076923 0.5132211538461539 0.07451923076923077 0.06850961538461539
1 0.2956730769230769 0.5204326923076923 0.125 0.14543269230769232
1 0.08173076923076923 0.5432692307692307 0.0829326923076923 0.10216346153846154
1 0.026442307692307692 0.5961538461538461 0.052884615384615384 0.1502403846153846
1 0.20552884615384615 0.5961538461538461 0.09495192307692307 0.17548076923076922
1 0.7716346153846154 0.5973557692307693 0.17307692307692307 0.18389423076923078
0 0.7331730769230769 0.7235576923076923 0.13701923076923078 0.15985576923076922
1 0.08533653846153846 0.7644230769230769 0.11778846153846154 0.17908653846153846
1 0.7019230769230769 0.8557692307692307 0.24639423076923078 0.18990384615384615
0 0.16826923076923078 0.3088942307692308 0.057692307692307696 0.05048076923076923
1 0.3137019230769231 0.3161057692307692 0.07451923076923077 0.06850961538461539