0 0.23317307692307693 0.3557692307692308 0.046875 0.04567307692307692
0 0.7560096153846154 0.375 0.04807692307692308 0.07451923076923077
0 0.25721153846153844 0.4110576923076923 0.052884615384615384 0.051682692307692304
0 0.8088942307692307 0.4182692307692308 0.037259615384615384 0.09735576923076923
0 0.30528846153846156 0.46634615384615385 0.0625 0.07091346153846154
0 0.8798076923076923 0.4723557692307692 0.04326923076923077 0.09375
0 0.36658653846153844 0.5180288461538461 0.09254807692307693 0.08173076923076923
0 0.12620192307692307 0.5240384615384616 0.06370192307692307 0.04807692307692308
0 0.9350961538461539 0.5264423076923077 0.04567307692307692 0.09375
0 0.13701923076923078 0.6057692307692307 0.057692307692307696 0.0733173076923077
0 0.4266826923076923 0.6237980769230769 0.09014423076923077 0.11057692307692307
1 0.16826923076923078 0.6899038461538461 0.17067307692307693 0.24158653846153846
0 0.5180288461538461 0.7391826923076923 0.09495192307692307 0.12860576923076922
0 0.6346153846153846 0.8221153846153846 0.08774038461538461 0.15985576923076922
1 0.23076923076923078 0.8209134615384616 0.19230769230769232 0.1875
0 0.7692307692307693 0.8425480769230769 0.0829326923076923 0.15625
0 0.3870192307692308 0.9122596153846154 0.11298076923076923 0.16706730769230768
1 0.41346153846153844 0.14182692307692307 0.052884615384615384 0.05048076923076923
0 0.4338942307692308 0.1814903846153846 0.030048076923076924 0.03365384615384615
0 0.4807692307692308 0.20552884615384615 0.042067307692307696 0.039663461538461536
0 0.5192307692307693 0.22235576923076922 0.037259615384615384 0.056490384615384616
0 0.5745192307692307 0.24639423076923078 0.042067307692307696 0.06009615384615385
1 0.07932692307692307 0.2824519230769231 0.09014423076923077 0.09014423076923077
0 0.6262019230769231 0.28365384615384615 0.046875 0.07091346153846154
0 0.2283653846153846 0.3088942307692308 0.040865384615384616 0.03365384615384615
0 0.6778846153846154 0.3245192307692308 0.052884615384615384 0.08774038461538461