1 0.11177884615384616 0.34615384615384615 0.15144230769230768 0.15384615384615385
1 0.3581730769230769 0.3713942307692308 0.09975961538461539 0.17668269230769232
1 0.46274038461538464 0.4639423076923077 0.140625 0.21514423076923078
1 0.20192307692307693 0.5492788461538461 0.1875 0.17307692307692307
1 0.5745192307692307 0.5673076923076923 0.18870192307692307 0.28966346153846156
1 0.25600961538461536 0.6778846153846154 0.19471153846153846 0.2644230769230769
1 0.6778846153846154 0.6838942307692307 0.1622596153846154 0.3293269230769231
1 0.7944711538461539 0.8028846153846154 0.15745192307692307 0.3942307692307692
1 0.9194711538461539 0.828125 0.1045673076923077 0.23557692307692307
0 0.33413461538461536 0.8533653846153846 0.1935096153846154 0.21875
0 0.5637019230769231 0.9038461538461539 0.16346153846153846 0.1875