1 0.9387019230769231 0.35216346153846156 0.056490384615384616 0.14182692307692307
0 0.3557692307692308 0.3737980769230769 0.06370192307692307 0.09014423076923077
1 0.17307692307692307 0.4098557692307692 0.14182692307692307 0.16466346153846154
1 0.4567307692307692 0.41225961538461536 0.13701923076923078 0.14543269230769232
0 0.5408653846153846 0.5288461538461539 0.10817307692307693 0.125
1 0.21634615384615385 0.5372596153846154 0.15504807692307693 0.1875
0 0.29086538461538464 0.6322115384615384 0.11778846153846154 0.12259615384615384
0 0.6382211538461539 0.6490384615384616 0.0985576923076923 0.15625
1 0.7608173076923077 0.7223557692307693 0.1466346153846154 0.28966346153846156
0 0.36778846153846156 0.7716346153846154 0.1346153846153846 0.13581730769230768
0 0.9134615384615384 0.8293269230769231 0.056490384615384616 0.08774038461538461
0 0.5012019230769231 0.8629807692307693 0.11899038461538461 0.15985576923076922
0 0.8269230769230769 0.8629807692307693 0.09375 0.11298076923076923
0 0.6394230769230769 0.9314903846153846 0.11298076923076923 0.13341346153846154
0 0.9615384615384616 0.9350961538461539 0.06610576923076923 0.09615384615384616
0 0.640625 0.12740384615384615 0.052884615384615384 0.07091346153846154
1 0.7127403846153846 0.16105769230769232 0.057692307692307696 0.08533653846153846
1 0.7644230769230769 0.2091346153846154 0.0625 0.08533653846153846
0 0.8161057692307693 0.26322115384615385 0.06129807692307692 0.08173076923076923
0 0.3161057692307692 0.2920673076923077 0.0733173076923077 0.08774038461538461
1 0.8810096153846154 0.3004807692307692 0.051682692307692304 0.1310096153846154