0 0.31490384615384615 0.3401442307692308 0.07692307692307693 0.09375
0 0.5300480769230769 0.34975961538461536 0.09254807692307693 0.07932692307692307
1 0.4567307692307692 0.36538461538461536 0.12139423076923077 0.13581730769230768
1 0.2439903846153846 0.3641826923076923 0.07211538461538461 0.1045673076923077
0 0.18269230769230768 0.4110576923076923 0.07451923076923077 0.11057692307692307
0 0.4026442307692308 0.43149038461538464 0.1045673076923077 0.11298076923076923
1 0.11177884615384616 0.4579326923076923 0.0673076923076923 0.14182692307692307
1 0.3233173076923077 0.48677884615384615 0.11538461538461539 0.14783653846153846
1 0.8762019230769231 0.5240384615384616 0.14423076923076922 0.10216346153846154
1 0.2247596153846154 0.5492788461538461 0.1045673076923077 0.20673076923076922
0 0.054086538461538464 0.5528846153846154 0.04567307692307692 0.09375
0 0.15985576923076922 0.6550480769230769 0.09375 0.19831730769230768
1 0.7908653846153846 0.6694711538461539 0.15264423076923078 0.1935096153846154
0 0.0733173076923077 0.7127403846153846 0.09375 0.20793269230769232
0 0.7463942307692307 0.8137019230769231 0.15504807692307693 0.15985576923076922
1 0.6286057692307693 0.8930288461538461 0.140625 0.14423076923076922
0 0.4651442307692308 0.24879807692307693 0.06610576923076923 0.056490384615384616
0 0.41225961538461536 0.2692307692307692 0.08173076923076923 0.06490384615384616
1 0.5793269230769231 0.28966346153846156 0.1141826923076923 0.09134615384615384
0 0.36778846153846156 0.2932692307692308 0.055288461538461536 0.08774038461538461
0 0.6310096153846154 0.29447115384615385 0.046875 0.06490384615384616