0 0.7487980769230769 0.3401442307692308 0.042067307692307696 0.054086538461538464
0 0.6935096153846154 0.34134615384615385 0.05048076923076923 0.07091346153846154
0 0.6466346153846154 0.34375 0.06129807692307692 0.08774038461538461
1 0.5901442307692307 0.359375 0.09014423076923077 0.10216346153846154
0 0.1875 0.3798076923076923 0.046875 0.09375
1 0.12379807692307693 0.38461538461538464 0.06129807692307692 0.13581730769230768
0 0.5096153846153846 0.38822115384615385 0.07211538461538461 0.10576923076923077
1 0.4362980769230769 0.40384615384615385 0.07932692307692307 0.15384615384615385
1 0.3425480769230769 0.44471153846153844 0.0889423076923077 0.14423076923076922
1 0.2439903846153846 0.47716346153846156 0.078125 0.1622596153846154
0 0.16826923076923078 0.5192307692307693 0.06610576923076923 0.125
1 0.08173076923076923 0.5432692307692307 0.0733173076923077 0.14182692307692307
1 0.7043269230769231 0.23076923076923078 0.056490384615384616 0.06850961538461539
1 0.5745192307692307 0.2536057692307692 0.0625 0.08533653846153846
0 0.6286057692307693 0.25961538461538464 0.036057692307692304 0.051682692307692304
0 0.6694711538461539 0.2608173076923077 0.03245192307692308 0.054086538461538464
1 0.45913461538461536 0.27524038461538464 0.07211538461538461 0.10817307692307693
0 0.5168269230769231 0.27524038461538464 0.046875 0.0625
1 0.8064903846153846 0.2932692307692308 0.046875 0.06850961538461539
0 0.38461538461538464 0.2932692307692308 0.055288461538461536 0.07932692307692307
1 0.3245192307692308 0.2980769230769231 0.0673076923076923 0.11298076923076923
0 0.7776442307692307 0.3161057692307692 0.046875 0.051682692307692304
1 0.24519230769230768 0.33052884615384615 0.0625 0.1141826923076923