1 0.43028846153846156 0.3918269230769231 0.05048076923076923 0.07932692307692307
1 0.35697115384615385 0.40625 0.08653846153846154 0.06610576923076923
1 0.17307692307692307 0.4375 0.109375 0.14543269230769232
0 0.3293269230769231 0.4423076923076923 0.0673076923076923 0.06490384615384616
1 0.6838942307692307 0.49038461538461536 0.1310096153846154 0.10216346153846154
0 0.09014423076923077 0.5096153846153846 0.0733173076923077 0.09375
0 0.6009615384615384 0.5997596153846154 0.10576923076923077 0.0829326923076923
0 0.5276442307692307 0.6550480769230769 0.09975961538461539 0.10576923076923077
1 0.4423076923076923 0.7019230769230769 0.1346153846153846 0.18389423076923078
1 0.2668269230769231 0.7367788461538461 0.18870192307692307 0.2439903846153846
0 0.10817307692307693 0.8713942307692307 0.1466346153846154 0.22115384615384615