1 0.4230769230769231 0.5252403846153846 0.05048076923076923 0.06971153846153846
0 0.5240384615384616 0.5288461538461539 0.03245192307692308 0.04447115384615385
0 0.578125 0.5300480769230769 0.037259615384615384 0.046875
0 0.47475961538461536 0.5432692307692307 0.036057692307692304 0.04447115384615385
1 0.31971153846153844 0.546875 0.04567307692307692 0.05889423076923077
1 0.20673076923076922 0.5492788461538461 0.05048076923076923 0.06129807692307692
1 0.6935096153846154 0.5516826923076923 0.055288461538461536 0.0673076923076923
1 0.15384615384615385 0.5528846153846154 0.038461538461538464 0.06370192307692307
0 0.3713942307692308 0.5540865384615384 0.040865384615384616 0.04447115384615385
1 0.09375 0.5552884615384616 0.046875 0.06370192307692307
0 0.2620192307692308 0.5600961538461539 0.036057692307692304 0.05048076923076923
1 0.7572115384615384 0.5649038461538461 0.051682692307692304 0.078125
0 0.04326923076923077 0.5673076923076923 0.038461538461538464 0.052884615384615384
1 0.5661057692307693 0.5805288461538461 0.051682692307692304 0.08052884615384616
0 0.6466346153846154 0.5793269230769231 0.03245192307692308 0.038461538461538464
0 0.6057692307692307 0.5913461538461539 0.037259615384615384 0.042067307692307696
1 0.5 0.5949519230769231 0.052884615384615384 0.08052884615384616
1 0.3581730769230769 0.6069711538461539 0.051682692307692304 0.055288461538461536
0 0.2800480769230769 0.625 0.046875 0.042067307692307696
1 0.21995192307692307 0.6286057692307693 0.051682692307692304 0.046875
1 0.06971153846153846 0.6262019230769231 0.051682692307692304 0.06129807692307692
1 0.8269230769230769 0.6346153846153846 0.0673076923076923 0.08413461538461539
0 0.4411057692307692 0.6394230769230769 0.04567307692307692 0.06370192307692307
0 0.14302884615384615 0.6394230769230769 0.04807692307692308 0.042067307692307696
1 0.6947115384615384 0.6502403846153846 0.05889423076923077 0.08653846153846154
1 0.6286057692307693 0.6634615384615384 0.052884615384615384 0.09495192307692307
0 0.7668269230769231 0.6694711538461539 0.042067307692307696 0.08052884615384616
1 0.5685096153846154 0.6814903846153846 0.06129807692307692 0.08653846153846154
1 0.3954326923076923 0.6923076923076923 0.05889423076923077 0.09735576923076923
1 0.30528846153846156 0.6947115384615384 0.06610576923076923 0.10336538461538461
1 0.040865384615384616 0.703125 0.057692307692307696 0.09735576923076923
1 0.22716346153846154 0.7079326923076923 0.06129807692307692 0.0889423076923077
1 0.13221153846153846 0.71875 0.07211538461538461 0.09975961538461539
0 0.47716346153846156 0.7199519230769231 0.057692307692307696 0.08653846153846154
1 0.9519230769230769 0.8353365384615384 0.09375 0.13942307692307693
1 0.8449519230769231 0.8521634615384616 0.0829326923076923 0.12259615384615384
1 0.6286057692307693 0.8798076923076923 0.1045673076923077 0.17307692307692307
1 0.7427884615384616 0.8858173076923077 0.08774038461538461 0.16105769230769232
1 0.11778846153846154 0.9134615384615384 0.09375 0.16706730769230768
1 0.5072115384615384 0.9242788461538461 0.109375 0.14543269230769232
1 0.02403846153846154 0.9278846153846154 0.046875 0.13942307692307693
1 0.25721153846153844 0.9375 0.11057692307692307 0.125
0 0.38221153846153844 0.9362980769230769 0.11538461538461539 0.12259615384615384