1 0.6213942307692307 0.5096153846153846 0.055288461538461536 0.078125
1 0.4254807692307692 0.5240384615384616 0.051682692307692304 0.078125
1 0.3161057692307692 0.5420673076923077 0.04567307692307692 0.06971153846153846
0 0.5216346153846154 0.5444711538461539 0.037259615384615384 0.046875
0 0.4831730769230769 0.546875 0.03485576923076923 0.042067307692307696
1 0.09134615384615384 0.5492788461538461 0.04567307692307692 0.07211538461538461
0 0.5829326923076923 0.5528846153846154 0.037259615384615384 0.042067307692307696
1 0.20673076923076922 0.5516826923076923 0.04567307692307692 0.078125
0 0.3701923076923077 0.5528846153846154 0.037259615384615384 0.052884615384615384
1 0.15264423076923078 0.5576923076923077 0.042067307692307696 0.07211538461538461
0 0.25961538461538464 0.5625 0.040865384615384616 0.06129807692307692
1 0.6875 0.5625 0.05889423076923077 0.0673076923076923
0 0.04567307692307692 0.5673076923076923 0.038461538461538464 0.046875
1 0.7548076923076923 0.5709134615384616 0.04326923076923077 0.0889423076923077
1 0.5637019230769231 0.5805288461538461 0.055288461538461536 0.07572115384615384
1 0.5012019230769231 0.6057692307692307 0.051682692307692304 0.10336538461538461
1 0.07091346153846154 0.6237980769230769 0.04807692307692308 0.06129807692307692
1 0.21875 0.6286057692307693 0.04326923076923077 0.05889423076923077
1 0.3629807692307692 0.6262019230769231 0.05048076923076923 0.07211538461538461
0 0.14423076923076922 0.6346153846153846 0.04567307692307692 0.05048076923076923
0 0.42908653846153844 0.6394230769230769 0.055288461538461536 0.07572115384615384
1 0.8269230769230769 0.6418269230769231 0.07451923076923077 0.09735576923076923
1 0.7055288461538461 0.6418269230769231 0.06370192307692307 0.10336538461538461
1 0.6346153846153846 0.6598557692307693 0.057692307692307696 0.08413461538461539
0 0.7716346153846154 0.6682692307692307 0.055288461538461536 0.0673076923076923
1 0.30288461538461536 0.6790865384615384 0.0625 0.09495192307692307
1 0.5685096153846154 0.6838942307692307 0.07451923076923077 0.1141826923076923
1 0.04567307692307692 0.7091346153846154 0.06129807692307692 0.09735576923076923
1 0.13221153846153846 0.7103365384615384 0.06370192307692307 0.11658653846153846
1 0.23076923076923078 0.7127403846153846 0.056490384615384616 0.0889423076923077
0 0.4723557692307692 0.7211538461538461 0.06129807692307692 0.09495192307692307
0 0.38461538461538464 0.7211538461538461 0.056490384615384616 0.09495192307692307
1 0.9543269230769231 0.8413461538461539 0.08413461538461539 0.16105769230769232
1 0.8425480769230769 0.859375 0.10336538461538461 0.14783653846153846
1 0.7379807692307693 0.8870192307692307 0.07932692307692307 0.14182692307692307
1 0.6334134615384616 0.8942307692307693 0.0889423076923077 0.1778846153846154
1 0.11778846153846154 0.9194711538461539 0.10096153846153846 0.15625
1 0.5108173076923077 0.9230769230769231 0.10336538461538461 0.15264423076923078
1 0.018028846153846152 0.9266826923076923 0.036057692307692304 0.14182692307692307
0 0.38341346153846156 0.9375 0.0985576923076923 0.1141826923076923
1 0.25721153846153844 0.9399038461538461 0.09014423076923077 0.1141826923076923