1 0.6225961538461539 0.5096153846153846 0.051682692307692304 0.07211538461538461
1 0.3173076923076923 0.5360576923076923 0.037259615384615384 0.06370192307692307
1 0.4254807692307692 0.5348557692307693 0.05048076923076923 0.078125
0 0.5793269230769231 0.5348557692307693 0.03125 0.05048076923076923
0 0.5252403846153846 0.5384615384615384 0.038461538461538464 0.052884615384615384
1 0.20192307692307693 0.5444711538461539 0.03125 0.06370192307692307
0 0.47475961538461536 0.5492788461538461 0.03125 0.038461538461538464
1 0.09975961538461539 0.5528846153846154 0.038461538461538464 0.06971153846153846
1 0.15144230769230768 0.5528846153846154 0.037259615384615384 0.07572115384615384
1 0.6887019230769231 0.5600961538461539 0.055288461538461536 0.0673076923076923
0 0.37259615384615385 0.5612980769230769 0.038461538461538464 0.052884615384615384
1 0.7536057692307693 0.5637019230769231 0.055288461538461536 0.09134615384615384
0 0.04807692307692308 0.5817307692307693 0.04326923076923077 0.05048076923076923
1 0.5012019230769231 0.6033653846153846 0.04567307692307692 0.08653846153846154
1 0.42788461538461536 0.6141826923076923 0.052884615384615384 0.08052884615384616
1 0.3605769230769231 0.6262019230769231 0.046875 0.078125
1 0.7007211538461539 0.6370192307692307 0.06370192307692307 0.10336538461538461
1 0.8293269230769231 0.6346153846153846 0.0733173076923077 0.09495192307692307
1 0.5637019230769231 0.6658653846153846 0.06971153846153846 0.11177884615384616
1 0.6310096153846154 0.6658653846153846 0.05889423076923077 0.10576923076923077
0 0.7716346153846154 0.6766826923076923 0.06129807692307692 0.0673076923076923
1 0.3004807692307692 0.6778846153846154 0.052884615384615384 0.10336538461538461
1 0.12860576923076922 0.7019230769230769 0.06610576923076923 0.12259615384615384
1 0.04567307692307692 0.7019230769230769 0.06129807692307692 0.09495192307692307
1 0.22355769230769232 0.7055288461538461 0.056490384615384616 0.09735576923076923
0 0.4831730769230769 0.7115384615384616 0.07451923076923077 0.08653846153846154
0 0.39783653846153844 0.7259615384615384 0.0673076923076923 0.08653846153846154
1 0.9555288461538461 0.8305288461538461 0.08653846153846154 0.15625
1 0.8497596153846154 0.859375 0.09375 0.14182692307692307
1 0.6310096153846154 0.8822115384615384 0.10096153846153846 0.203125
1 0.7427884615384616 0.8834134615384616 0.08173076923076923 0.15625
1 0.5036057692307693 0.9158653846153846 0.11057692307692307 0.16105769230769232
1 0.1141826923076923 0.9230769230769231 0.09735576923076923 0.15264423076923078
1 0.019230769230769232 0.9302884615384616 0.038461538461538464 0.12860576923076922
1 0.25600961538461536 0.9338942307692307 0.0985576923076923 0.13221153846153846
0 0.38221153846153844 0.9411057692307693 0.11538461538461539 0.11177884615384616