0 0.4855769230769231 0.6502403846153846 0.025240384615384616 0.038461538461538464
0 0.5745192307692307 0.6538461538461539 0.03125 0.036057692307692304
0 0.6189903846153846 0.6538461538461539 0.03245192307692308 0.036057692307692304
0 0.44471153846153844 0.6574519230769231 0.027644230769230768 0.036057692307692304
0 0.5324519230769231 0.6550480769230769 0.030048076923076924 0.038461538461538464
0 0.30528846153846156 0.6574519230769231 0.03245192307692308 0.036057692307692304
0 0.3545673076923077 0.6610576923076923 0.03125 0.03365384615384615
0 0.4026442307692308 0.6610576923076923 0.027644230769230768 0.03365384615384615
0 0.6730769230769231 0.6610576923076923 0.036057692307692304 0.021634615384615384
0 0.3449519230769231 0.6935096153846154 0.038461538461538464 0.046875
0 0.44350961538461536 0.6947115384615384 0.038461538461538464 0.05048076923076923
0 0.49278846153846156 0.6959134615384616 0.03485576923076923 0.042067307692307696
0 0.39783653846153844 0.6971153846153846 0.03245192307692308 0.038461538461538464
0 0.5480769230769231 0.6971153846153846 0.037259615384615384 0.038461538461538464
0 0.2956730769230769 0.6971153846153846 0.037259615384615384 0.05048076923076923
0 0.5985576923076923 0.6971153846153846 0.03485576923076923 0.038461538461538464
0 0.7091346153846154 0.7055288461538461 0.037259615384615384 0.05048076923076923
1 0.9002403846153846 0.7379807692307693 0.06610576923076923 0.125
1 0.6574519230769231 0.7355769230769231 0.0673076923076923 0.12259615384615384
0 0.296875 0.7487980769230769 0.040865384615384616 0.046875
0 0.20552884615384615 0.7560096153846154 0.038461538461538464 0.06129807692307692
0 0.4387019230769231 0.7584134615384616 0.057692307692307696 0.06129807692307692
0 0.359375 0.7596153846153846 0.056490384615384616 0.07451923076923077
1 0.2536057692307692 0.7932692307692307 0.09254807692307693 0.13581730769230768
1 0.5997596153846154 0.7944711538461539 0.06370192307692307 0.11658653846153846
1 0.5168269230769231 0.7956730769230769 0.0673076923076923 0.1310096153846154
1 0.7752403846153846 0.7980769230769231 0.078125 0.13581730769230768
0 0.9567307692307693 0.8161057692307693 0.05889423076923077 0.0889423076923077
0 0.8858173076923077 0.8221153846153846 0.05889423076923077 0.09975961538461539
0 0.15625 0.8305288461538461 0.052884615384615384 0.078125
0 0.42908653846153844 0.8329326923076923 0.07932692307692307 0.09495192307692307
0 0.7019230769230769 0.8461538461538461 0.06971153846153846 0.08653846153846154
0 0.3425480769230769 0.8461538461538461 0.06850961538461539 0.09735576923076923
1 0.9483173076923077 0.9387019230769231 0.09975961538461539 0.11658653846153846
1 0.4651442307692308 0.9567307692307693 0.10336538461538461 0.08653846153846154