0 0.15865384615384615 0.7668269230769231 0.12980769230769232 0.09615384615384616
1 0.6069711538461539 0.8028846153846154 0.10817307692307693 0.0985576923076923
1 0.8473557692307693 0.8076923076923077 0.10336538461538461 0.07451923076923077
0 0.11298076923076923 0.8473557692307693 0.1141826923076923 0.11298076923076923
1 0.5480769230769231 0.875 0.09975961538461539 0.08413461538461539
1 0.7572115384615384 0.8858173076923077 0.1045673076923077 0.07692307692307693
1 0.4735576923076923 0.9495192307692307 0.109375 0.10096153846153846
1 0.6971153846153846 0.9603365384615384 0.09735576923076923 0.07451923076923077
1 0.20072115384615385 0.09735576923076923 0.04807692307692308 0.06850961538461539
1 0.5300480769230769 0.1141826923076923 0.06129807692307692 0.054086538461538464
1 0.6887019230769231 0.12379807692307693 0.05889423076923077 0.06370192307692307
1 0.1466346153846154 0.13701923076923078 0.046875 0.0733173076923077
1 0.47115384615384615 0.16466346153846154 0.06129807692307692 0.056490384615384616
1 0.9759615384615384 0.1658653846153846 0.04807692307692308 0.06370192307692307
1 0.6502403846153846 0.18028846153846154 0.051682692307692304 0.07091346153846154
1 0.11658653846153846 0.20432692307692307 0.06129807692307692 0.07451923076923077
1 0.5913461538461539 0.21634615384615385 0.057692307692307696 0.06129807692307692
1 0.4375 0.21754807692307693 0.06610576923076923 0.0733173076923077
1 0.9639423076923077 0.23677884615384615 0.0625 0.056490384615384616
1 0.04567307692307692 0.2512019230769231 0.05889423076923077 0.09375
1 0.38221153846153844 0.27524038461538464 0.05889423076923077 0.0733173076923077
1 0.6177884615384616 0.027644230769230768 0.052884615384615384 0.055288461538461536
1 0.5661057692307693 0.2932692307692308 0.06971153846153846 0.06610576923076923
1 0.9254807692307693 0.3004807692307692 0.07692307692307693 0.07091346153846154
1 0.33774038461538464 0.3245192307692308 0.06129807692307692 0.06370192307692307
1 0.5072115384615384 0.3389423076923077 0.07692307692307693 0.06850961538461539
1 0.8894230769230769 0.36538461538461536 0.08774038461538461 0.0733173076923077
1 0.28966346153846156 0.38100961538461536 0.06370192307692307 0.07692307692307693
1 0.8269230769230769 0.3942307692307692 0.09014423076923077 0.07091346153846154
1 0.46875 0.40024038461538464 0.05889423076923077 0.07692307692307693
1 0.22716346153846154 0.4375 0.06129807692307692 0.08653846153846154
1 0.4098557692307692 0.4543269230769231 0.06370192307692307 0.09134615384615384
1 0.9711538461538461 0.46875 0.055288461538461536 0.07692307692307693
1 0.8040865384615384 0.49158653846153844 0.09254807692307693 0.0733173076923077
1 0.17067307692307693 0.5108173076923077 0.06129807692307692 0.09134615384615384
1 0.3557692307692308 0.5180288461538461 0.07451923076923077 0.08653846153846154
1 0.2512019230769231 0.054086538461538464 0.055288461538461536 0.06610576923076923
1 0.953125 0.5420673076923077 0.07211538461538461 0.051682692307692304
1 0.7439903846153846 0.5444711538461539 0.09975961538461539 0.07932692307692307
1 0.08774038461538461 0.5721153846153846 0.05889423076923077 0.0733173076923077
1 0.7151442307692307 0.0625 0.06610576923076923 0.04447115384615385
1 0.2980769230769231 0.6153846153846154 0.07451923076923077 0.09375
1 0.7175480769230769 0.6189903846153846 0.09975961538461539 0.0733173076923077
1 0.9194711538461539 0.6237980769230769 0.1045673076923077 0.08653846153846154
1 0.5625 0.06129807692307692 0.052884615384615384 0.046875
1 0.21754807692307693 0.6658653846153846 0.0985576923076923 0.10096153846153846
1 0.05889423076923077 0.6682692307692307 0.09014423076923077 0.09615384615384616
1 0.6646634615384616 0.7019230769230769 0.0985576923076923 0.0889423076923077
1 0.8918269230769231 0.7247596153846154 0.09495192307692307 0.0889423076923077