1 0.47716346153846156 0.33653846153846156 0.038461538461538464 0.04807692307692308
1 0.5709134615384616 0.3389423076923077 0.03245192307692308 0.04807692307692308
1 0.5240384615384616 0.34134615384615385 0.036057692307692304 0.042067307692307696
0 0.640625 0.34134615384615385 0.03125 0.03365384615384615
1 0.7307692307692307 0.3449519230769231 0.04807692307692308 0.056490384615384616
0 0.6862980769230769 0.3473557692307692 0.03245192307692308 0.03125
0 0.4362980769230769 0.34615384615384615 0.036057692307692304 0.03365384615384615
1 0.16466346153846154 0.3473557692307692 0.030048076923076924 0.042067307692307696
0 0.3894230769230769 0.3485576923076923 0.036057692307692304 0.04326923076923077
0 0.6057692307692307 0.3473557692307692 0.03485576923076923 0.037259615384615384
1 0.3076923076923077 0.3557692307692308 0.037259615384615384 0.04807692307692308
0 0.34975961538461536 0.3545673076923077 0.038461538461538464 0.04567307692307692
0 0.8317307692307693 0.3557692307692308 0.03245192307692308 0.03485576923076923
0 0.7932692307692307 0.359375 0.025240384615384616 0.03125
0 0.7644230769230769 0.36177884615384615 0.020432692307692308 0.03125
1 0.2536057692307692 0.36538461538461536 0.04326923076923077 0.051682692307692304
1 0.9122596153846154 0.36538461538461536 0.04326923076923077 0.04807692307692308
1 0.19471153846153846 0.36899038461538464 0.036057692307692304 0.04567307692307692
0 0.9278846153846154 0.48197115384615385 0.042067307692307696 0.04807692307692308
1 0.5661057692307693 0.4831730769230769 0.0829326923076923 0.125
0 0.8846153846153846 0.4879807692307692 0.03485576923076923 0.03365384615384615
0 0.7908653846153846 0.4891826923076923 0.052884615384615384 0.05048076923076923
0 0.8413461538461539 0.49278846153846156 0.042067307692307696 0.04326923076923077
1 0.2692307692307692 0.49399038461538464 0.0733173076923077 0.11658653846153846
1 0.1971153846153846 0.4963942307692308 0.06850961538461539 0.09615384615384616
0 0.7439903846153846 0.5012019230769231 0.052884615384615384 0.06850961538461539
0 0.48197115384615385 0.5012019230769231 0.0733173076923077 0.09375
0 0.6778846153846154 0.5036057692307693 0.06610576923076923 0.08533653846153846
0 0.3425480769230769 0.5048076923076923 0.06370192307692307 0.08533653846153846
0 0.6237980769230769 0.5048076923076923 0.0625 0.09014423076923077
0 0.4074519230769231 0.5120192307692307 0.0673076923076923 0.08173076923076923
0 0.9338942307692307 0.8161057692307693 0.09495192307692307 0.09134615384615384
0 0.055288461538461536 0.8401442307692307 0.07451923076923077 0.1045673076923077
0 0.84375 0.8413461538461539 0.08774038461538461 0.08774038461538461
0 0.13341346153846154 0.8425480769230769 0.07932692307692307 0.09375
0 0.3425480769230769 0.8629807692307693 0.125 0.10576923076923077
0 0.2283653846153846 0.8629807692307693 0.10336538461538461 0.09615384615384616
0 0.7487980769230769 0.8689903846153846 0.11057692307692307 0.12860576923076922
0 0.6237980769230769 0.8689903846153846 0.125 0.11658653846153846
0 0.4807692307692308 0.8822115384615384 0.14423076923076922 0.10576923076923077