0 0.30649038461538464 0.375 0.027644230769230768 0.05048076923076923
0 0.3557692307692308 0.38221153846153844 0.036057692307692304 0.051682692307692304
0 0.40865384615384615 0.38221153846153844 0.04807692307692308 0.056490384615384616
0 0.2608173076923077 0.38341346153846156 0.027644230769230768 0.04567307692307692
0 0.46274038461538464 0.3894230769230769 0.046875 0.054086538461538464
0 0.5240384615384616 0.39302884615384615 0.05048076923076923 0.06850961538461539
0 0.5877403846153846 0.4026442307692308 0.055288461538461536 0.07451923076923077
0 0.6490384615384616 0.41225961538461536 0.0625 0.07932692307692307
0 0.7163461538461539 0.42427884615384615 0.057692307692307696 0.0733173076923077
1 0.22596153846153846 0.46153846153846156 0.10336538461538461 0.10216346153846154
0 0.27403846153846156 0.4963942307692308 0.03125 0.1045673076923077
0 0.33052884615384615 0.5120192307692307 0.055288461538461536 0.13341346153846154
0 0.4026442307692308 0.5216346153846154 0.057692307692307696 0.14423076923076922
0 0.4879807692307692 0.5288461538461539 0.07451923076923077 0.15865384615384615
0 0.5733173076923077 0.53125 0.09375 0.14543269230769232
0 0.6622596153846154 0.5576923076923077 0.08413461538461539 0.16826923076923078
1 0.7704326923076923 0.5637019230769231 0.125 0.21514423076923078
0 0.040865384615384616 0.7608173076923077 0.0625 0.10817307692307693
0 0.06370192307692307 0.8449519230769231 0.078125 0.13581730769230768
0 0.14903846153846154 0.8713942307692307 0.0733173076923077 0.14783653846153846
0 0.2512019230769231 0.9026442307692307 0.10576923076923077 0.14543269230769232
1 0.40384615384615385 0.2668269230769231 0.042067307692307696 0.06610576923076923
0 0.4411057692307692 0.29086538461538464 0.021634615384615384 0.03125
0 0.47596153846153844 0.29086538461538464 0.030048076923076924 0.039663461538461536
0 0.5108173076923077 0.2920673076923077 0.03125 0.042067307692307696
0 0.5552884615384616 0.3004807692307692 0.026442307692307692 0.04326923076923077
0 0.6322115384615384 0.30408653846153844 0.040865384615384616 0.05048076923076923
0 0.5949519230769231 0.30408653846153844 0.03245192307692308 0.04567307692307692
0 0.6790865384615384 0.31009615384615385 0.038461538461538464 0.05048076923076923