0 0.11778846153846154 0.34975961538461536 0.04807692307692308 0.05889423076923077
1 0.7091346153846154 0.3557692307692308 0.057692307692307696 0.06009615384615385
1 0.6502403846153846 0.3918269230769231 0.10817307692307693 0.11658653846153846
0 0.06610576923076923 0.3954326923076923 0.046875 0.07451923076923077
0 0.1971153846153846 0.4110576923076923 0.06370192307692307 0.08173076923076923
1 0.8713942307692307 0.42427884615384615 0.09735576923076923 0.06850961538461539
1 0.12620192307692307 0.43149038461538464 0.055288461538461536 0.08774038461538461
0 0.6153846153846154 0.45552884615384615 0.08173076923076923 0.09375
0 0.0733173076923077 0.5192307692307693 0.078125 0.09975961538461539
1 0.8209134615384616 0.5228365384615384 0.12379807692307693 0.10817307692307693
1 0.5612980769230769 0.5408653846153846 0.1346153846153846 0.17307692307692307
0 0.7920673076923077 0.6153846153846154 0.08774038461538461 0.08173076923076923
1 0.4483173076923077 0.6370192307692307 0.1502403846153846 0.19951923076923078
1 0.3401442307692308 0.7223557692307693 0.12860576923076922 0.17908653846153846
1 0.7680288461538461 0.7367788461538461 0.16105769230769232 0.17668269230769232
1 0.22115384615384615 0.8137019230769231 0.12980769230769232 0.21033653846153846
1 0.6670673076923077 0.8509615384615384 0.16826923076923078 0.15264423076923078
0 0.53125 0.9387019230769231 0.15625 0.12259615384615384
1 0.39663461538461536 0.1814903846153846 0.055288461538461536 0.04567307692307692
0 0.3473557692307692 0.20673076923076922 0.046875 0.056490384615384616
1 0.3016826923076923 0.22235576923076922 0.046875 0.05048076923076923
1 0.4098557692307692 0.24278846153846154 0.05889423076923077 0.056490384615384616
0 0.2620192307692308 0.2620192307692308 0.052884615384615384 0.06850961538461539
1 0.3581730769230769 0.27163461538461536 0.055288461538461536 0.06850961538461539
1 0.7331730769230769 0.3161057692307692 0.06850961538461539 0.05048076923076923
0 0.3137019230769231 0.3173076923076923 0.06610576923076923 0.06490384615384616
1 0.1622596153846154 0.3173076923076923 0.05048076923076923 0.06009615384615385
1 0.24278846153846154 0.3245192307692308 0.06610576923076923 0.09134615384615384