1 0.71875 0.33533653846153844 0.06610576923076923 0.11298076923076923
1 0.32211538461538464 0.3389423076923077 0.10336538461538461 0.08173076923076923
0 0.13581730769230768 0.36538461538461536 0.08413461538461539 0.07692307692307693
1 0.7788461538461539 0.36538461538461536 0.051682692307692304 0.10576923076923077
1 0.15504807692307693 0.3894230769230769 0.11538461538461539 0.12139423076923077
1 0.8353365384615384 0.39663461538461536 0.055288461538461536 0.11057692307692307
1 0.38822115384615385 0.4014423076923077 0.1045673076923077 0.12740384615384615
0 0.17548076923076922 0.4206730769230769 0.10336538461538461 0.037259615384615384
1 0.8930288461538461 0.4338942307692308 0.055288461538461536 0.09975961538461539
1 0.42908653846153844 0.45913461538461536 0.14543269230769232 0.13942307692307693
1 0.9495192307692307 0.4699519230769231 0.06370192307692307 0.10576923076923077
1 0.20432692307692307 0.48677884615384615 0.15264423076923078 0.13581730769230768
1 0.4963942307692308 0.5 0.12860576923076922 0.19110576923076922
0 0.24158653846153846 0.5540865384615384 0.12620192307692307 0.13701923076923078
1 0.5685096153846154 0.5637019230769231 0.17668269230769232 0.18509615384615385
1 0.6802884615384616 0.6358173076923077 0.1310096153846154 0.21634615384615385
0 0.2776442307692308 0.6514423076923077 0.1466346153846154 0.15625
0 0.3161057692307692 0.6971153846153846 0.15625 0.15625
1 0.7776442307692307 0.7103365384615384 0.11538461538461539 0.24158653846153846
1 0.8798076923076923 0.796875 0.11298076923076923 0.25600961538461536
1 0.39663461538461536 0.8004807692307693 0.25 0.3016826923076923
0 0.9435096153846154 0.8617788461538461 0.109375 0.16826923076923078
0 0.5216346153846154 0.8725961538461539 0.18269230769230768 0.25
1 0.6778846153846154 0.9230769230769231 0.1310096153846154 0.1502403846153846
1 0.40024038461538464 0.20432692307692307 0.03485576923076923 0.05889423076923077
1 0.46274038461538464 0.22355769230769232 0.056490384615384616 0.06009615384615385
1 0.6177884615384616 0.2247596153846154 0.056490384615384616 0.04567307692307692
1 0.6730769230769231 0.23677884615384615 0.042067307692307696 0.04326923076923077
1 0.5240384615384616 0.23918269230769232 0.078125 0.0829326923076923
1 0.2608173076923077 0.27283653846153844 0.0625 0.054086538461538464
1 0.6129807692307693 0.2776442307692308 0.06370192307692307 0.09014423076923077
1 0.6694711538461539 0.29447115384615385 0.057692307692307696 0.10216346153846154
1 0.2800480769230769 0.31009615384615385 0.09495192307692307 0.07091346153846154