1 0.6189903846153846 0.33653846153846156 0.057692307692307696 0.07692307692307693
1 0.5528846153846154 0.3473557692307692 0.0733173076923077 0.07932692307692307
1 0.4951923076923077 0.3894230769230769 0.078125 0.10817307692307693
1 0.4182692307692308 0.40024038461538464 0.08173076923076923 0.09975961538461539
1 0.33653846153846156 0.4182692307692308 0.09014423076923077 0.14182692307692307
1 0.2548076923076923 0.46634615384615385 0.08774038461538461 0.1502403846153846
1 0.17548076923076922 0.5036057692307693 0.0829326923076923 0.1502403846153846
1 0.09615384615384616 0.5420673076923077 0.07932692307692307 0.19951923076923078
1 0.028846153846153848 0.5901442307692307 0.057692307692307696 0.19591346153846154
1 0.8088942307692307 0.265625 0.040865384615384616 0.04807692307692308
1 0.7860576923076923 0.27403846153846156 0.040865384615384616 0.04326923076923077
1 0.7632211538461539 0.27524038461538464 0.04567307692307692 0.04567307692307692
1 0.7283653846153846 0.2824519230769231 0.042067307692307696 0.06009615384615385
1 0.6971153846153846 0.29447115384615385 0.055288461538461536 0.056490384615384616
1 0.6574519230769231 0.3088942307692308 0.06129807692307692 0.06610576923076923