1 0.7740384615384616 0.33533653846153844 0.06129807692307692 0.10817307692307693
0 0.8341346153846154 0.3870192307692308 0.04326923076923077 0.09014423076923077
0 0.16706730769230768 0.3858173076923077 0.03125 0.025240384615384616
1 0.9026442307692307 0.3954326923076923 0.07692307692307693 0.13341346153846154
0 0.203125 0.4026442307692308 0.040865384615384616 0.04807692307692308
0 0.24278846153846154 0.43028846153846156 0.056490384615384616 0.056490384615384616
0 0.2824519230769231 0.46274038461538464 0.04807692307692308 0.0625
0 0.3425480769230769 0.5108173076923077 0.06129807692307692 0.08774038461538461
0 0.41586538461538464 0.5396634615384616 0.06129807692307692 0.125
1 0.5012019230769231 0.5649038461538461 0.11298076923076923 0.23317307692307693
0 0.19230769230769232 0.6141826923076923 0.06850961538461539 0.06610576923076923
0 0.6310096153846154 0.6442307692307693 0.0889423076923077 0.17067307692307693
0 0.22596153846153846 0.7043269230769231 0.0985576923076923 0.12139423076923077
0 0.734375 0.7199519230769231 0.08774038461538461 0.18990384615384615
0 0.8425480769230769 0.7608173076923077 0.0985576923076923 0.21634615384615385
0 0.30649038461538464 0.7872596153846154 0.10336538461538461 0.1622596153846154
0 0.41346153846153844 0.8774038461538461 0.0985576923076923 0.23317307692307693
0 0.5576923076923077 0.8978365384615384 0.09975961538461539 0.19951923076923078
0 0.6887019230769231 0.9170673076923077 0.0985576923076923 0.1622596153846154
0 0.8317307692307693 0.9387019230769231 0.07692307692307693 0.12259615384615384
1 0.43149038461538464 0.2283653846153846 0.06610576923076923 0.0733173076923077
0 0.38221153846153844 0.24639423076923078 0.03485576923076923 0.037259615384615384
1 0.5228365384615384 0.25 0.04807692307692308 0.09975961538461539
1 0.5817307692307693 0.2536057692307692 0.051682692307692304 0.10576923076923077
0 0.6502403846153846 0.30288461538461536 0.04567307692307692 0.09014423076923077
0 0.7043269230769231 0.3317307692307692 0.046875 0.08173076923076923
1 0.1141826923076923 0.3317307692307692 0.07451923076923077 0.07932692307692307