1 0.44350961538461536 0.34975961538461536 0.11899038461538461 0.12139423076923077
1 0.22115384615384615 0.36177884615384615 0.0985576923076923 0.08173076923076923
0 0.8185096153846154 0.3641826923076923 0.04326923076923077 0.07451923076923077
1 0.020432692307692308 0.38221153846153844 0.040865384615384616 0.06009615384615385
1 0.8689903846153846 0.38100961538461536 0.051682692307692304 0.09615384615384616
0 0.4855769230769231 0.40625 0.057692307692307696 0.09975961538461539
1 0.921875 0.4206730769230769 0.046875 0.11658653846153846
1 0.2548076923076923 0.43149038461538464 0.12139423076923077 0.11298076923076923
1 0.5685096153846154 0.4495192307692308 0.11778846153846154 0.14423076923076922
1 0.9735576923076923 0.46153846153846156 0.046875 0.09735576923076923
0 0.2848557692307692 0.4795673076923077 0.09975961538461539 0.07932692307692307
1 0.020432692307692308 0.484375 0.03485576923076923 0.08173076923076923
1 0.6177884615384616 0.5240384615384616 0.078125 0.15264423076923078
1 0.33413461538461536 0.5396634615384616 0.14903846153846154 0.14543269230769232
1 0.7235576923076923 0.5685096153846154 0.11298076923076923 0.18389423076923078
1 0.03245192307692308 0.6165865384615384 0.06370192307692307 0.11658653846153846
1 0.4098557692307692 0.6286057692307693 0.1658653846153846 0.21514423076923078
1 0.8245192307692307 0.6586538461538461 0.09735576923076923 0.23798076923076922
1 0.9098557692307693 0.71875 0.08173076923076923 0.2620192307692308
1 0.5072115384615384 0.75 0.20432692307692307 0.27884615384615385
1 0.9723557692307693 0.7776442307692307 0.052884615384615384 0.23317307692307693
0 0.6177884615384616 0.8233173076923077 0.17307692307692307 0.1875
1 0.030048076923076924 0.84375 0.06009615384615385 0.1346153846153846
1 0.7536057692307693 0.8665865384615384 0.10817307692307693 0.1502403846153846
1 0.875 0.9206730769230769 0.09975961538461539 0.15384615384615385
1 0.9651442307692307 0.9447115384615384 0.06610576923076923 0.11057692307692307
0 0.3737980769230769 0.16947115384615385 0.03485576923076923 0.03485576923076923
1 0.4026442307692308 0.17067307692307693 0.04567307692307692 0.054086538461538464
1 0.4567307692307692 0.18389423076923078 0.052884615384615384 0.04326923076923077
1 0.4987980769230769 0.19831730769230768 0.046875 0.04567307692307692
1 0.5360576923076923 0.20673076923076922 0.040865384615384616 0.051682692307692304
1 0.578125 0.22235576923076922 0.052884615384615384 0.056490384615384616
1 0.6201923076923077 0.24519230769230768 0.052884615384615384 0.06009615384615385
1 0.16826923076923078 0.265625 0.06370192307692307 0.04807692307692308
1 0.6670673076923077 0.2644230769230769 0.05889423076923077 0.06610576923076923
0 0.7151442307692307 0.29927884615384615 0.04567307692307692 0.06009615384615385
1 0.1971153846153846 0.31009615384615385 0.10817307692307693 0.0625
1 0.7668269230769231 0.31009615384615385 0.051682692307692304 0.0829326923076923
0 0.3425480769230769 0.33052884615384615 0.036057692307692304 0.051682692307692304
0 0.39302884615384615 0.3317307692307692 0.04807692307692308 0.05048076923076923