0 0.6814903846153846 0.34375 0.06129807692307692 0.07932692307692307
1 0.2283653846153846 0.3605769230769231 0.1045673076923077 0.06610576923076923
0 0.7427884615384616 0.3737980769230769 0.0625 0.08533653846153846
1 0.2403846153846154 0.421875 0.11057692307692307 0.10216346153846154
1 0.8341346153846154 0.4254807692307692 0.09375 0.13341346153846154
1 0.27524038461538464 0.43149038461538464 0.12379807692307693 0.07451923076923077
1 0.3245192307692308 0.4807692307692308 0.12620192307692307 0.15264423076923078
0 0.8942307692307693 0.49399038461538464 0.055288461538461536 0.13341346153846154
0 0.9627403846153846 0.5348557692307693 0.04326923076923077 0.15865384615384615
0 0.3918269230769231 0.5588942307692307 0.10096153846153846 0.13341346153846154
1 0.4567307692307692 0.6670673076923077 0.20432692307692307 0.22956730769230768
0 0.6658653846153846 0.7920673076923077 0.16105769230769232 0.20432692307692307
1 0.8052884615384616 0.8497596153846154 0.15985576923076922 0.2127403846153846
1 0.27884615384615385 0.17427884615384615 0.04807692307692308 0.06490384615384616
1 0.46875 0.23076923076923078 0.09014423076923077 0.0733173076923077
1 0.5564903846153846 0.2692307692307692 0.0829326923076923 0.09375
1 0.19471153846153846 0.27163461538461536 0.057692307692307696 0.056490384615384616
0 0.6322115384615384 0.3088942307692308 0.06370192307692307 0.07932692307692307