1 0.8846153846153846 0.3389423076923077 0.04326923076923077 0.08173076923076923
0 0.07932692307692307 0.34615384615384615 0.042067307692307696 0.037259615384615384
1 0.13701923076923078 0.3605769230769231 0.06971153846153846 0.07932692307692307
1 0.24278846153846154 0.3737980769230769 0.09254807692307693 0.08533653846153846
0 0.9278846153846154 0.3870192307692308 0.036057692307692304 0.08173076923076923
1 0.9699519230769231 0.3918269230769231 0.038461538461538464 0.09615384615384616
1 0.08774038461538461 0.3942307692307692 0.052884615384615384 0.08173076923076923
0 0.7776442307692307 0.4026442307692308 0.05889423076923077 0.11899038461538461
1 0.1778846153846154 0.4182692307692308 0.07692307692307693 0.09735576923076923
1 0.8425480769230769 0.42427884615384615 0.04567307692307692 0.11057692307692307
1 0.11538461538461539 0.4807692307692308 0.08173076923076923 0.1141826923076923
1 0.7331730769230769 0.5204326923076923 0.09254807692307693 0.16706730769230768
0 0.7319711538461539 0.5204326923076923 0.08653846153846154 0.16706730769230768
0 0.9543269230769231 0.5324519230769231 0.057692307692307696 0.09014423076923077
1 0.8161057692307693 0.5612980769230769 0.08173076923076923 0.20673076923076922
1 0.8978365384615384 0.5973557692307693 0.06129807692307692 0.1622596153846154
1 0.9651442307692307 0.6694711538461539 0.06610576923076923 0.22235576923076922
1 0.38822115384615385 0.15625 0.036057692307692304 0.042067307692307696
0 0.46634615384615385 0.17548076923076922 0.030048076923076924 0.028846153846153848
1 0.5168269230769231 0.1814903846153846 0.04326923076923077 0.037259615384615384
0 0.4807692307692308 0.18870192307692307 0.03245192307692308 0.027644230769230768
1 0.6009615384615384 0.20192307692307693 0.052884615384615384 0.04567307692307692
0 0.5456730769230769 0.203125 0.038461538461538464 0.03125
0 0.5685096153846154 0.21033653846153846 0.025240384615384616 0.03365384615384615
1 0.6418269230769231 0.21514423076923078 0.046875 0.051682692307692304
0 0.18028846153846154 0.21514423076923078 0.02403846153846154 0.03125
1 0.21875 0.21875 0.046875 0.028846153846153848
0 0.16105769230769232 0.2247596153846154 0.025240384615384616 0.025240384615384616
1 0.1310096153846154 0.22596153846153846 0.038461538461538464 0.051682692307692304
0 0.6778846153846154 0.25 0.027644230769230768 0.04567307692307692
1 0.7151442307692307 0.25240384615384615 0.046875 0.054086538461538464
0 0.21754807692307693 0.25721153846153844 0.0625 0.027644230769230768
1 0.28846153846153844 0.2704326923076923 0.06129807692307692 0.05889423076923077
1 0.38100961538461536 0.27524038461538464 0.08173076923076923 0.07451923076923077
0 0.1778846153846154 0.2776442307692308 0.057692307692307696 0.039663461538461536
0 0.7632211538461539 0.28125 0.038461538461538464 0.07451923076923077
1 0.23076923076923078 0.29447115384615385 0.056490384615384616 0.056490384615384616
0 0.14783653846153846 0.2956730769230769 0.042067307692307696 0.028846153846153848
0 0.10216346153846154 0.29927884615384615 0.038461538461538464 0.03485576923076923
0 0.7980769230769231 0.3088942307692308 0.04567307692307692 0.08173076923076923
1 0.06490384615384616 0.3088942307692308 0.042067307692307696 0.05889423076923077
0 0.12379807692307693 0.31490384615384615 0.03125 0.037259615384615384
0 0.3581730769230769 0.3173076923076923 0.07692307692307693 0.06850961538461539
0 0.1814903846153846 0.3245192307692308 0.06971153846153846 0.054086538461538464
0 0.8401442307692307 0.32572115384615385 0.037259615384615384 0.06850961538461539
1 0.2932692307692308 0.3317307692307692 0.08173076923076923 0.07091346153846154