0 0.30288461538461536 0.3737980769230769 0.03245192307692308 0.04326923076923077
0 0.25600961538461536 0.375 0.05048076923076923 0.05889423076923077
0 0.31850961538461536 0.40865384615384615 0.037259615384615384 0.054086538461538464
0 0.38461538461538464 0.4182692307692308 0.051682692307692304 0.06009615384615385
0 0.44350961538461536 0.44471153846153844 0.06370192307692307 0.0733173076923077
0 0.5168269230769231 0.4735576923076923 0.08653846153846154 0.09735576923076923
0 0.6021634615384616 0.5048076923076923 0.0829326923076923 0.09014423076923077
1 0.6983173076923077 0.5168269230769231 0.09975961538461539 0.16706730769230768
0 0.7908653846153846 0.5805288461538461 0.10817307692307693 0.11899038461538461
0 0.8822115384615384 0.609375 0.0889423076923077 0.09735576923076923
0 0.9555288461538461 0.6334134615384616 0.0889423076923077 0.11298076923076923
1 0.23798076923076922 0.3317307692307692 0.08413461538461539 0.07451923076923077