0 0.20072115384615385 0.3329326923076923 0.030048076923076924 0.054086538461538464
1 0.4050480769230769 0.3389423076923077 0.09495192307692307 0.1141826923076923
0 0.2848557692307692 0.35216346153846156 0.046875 0.07451923076923077
0 0.34134615384615385 0.36778846153846156 0.04807692307692308 0.08533653846153846
1 0.5877403846153846 0.3870192307692308 0.08774038461538461 0.14543269230769232
0 0.49399038461538464 0.40384615384615385 0.06850961538461539 0.09975961538461539
0 0.6814903846153846 0.4735576923076923 0.07932692307692307 0.13581730769230768
0 0.7692307692307693 0.5036057692307693 0.07932692307692307 0.13341346153846154
0 0.8533653846153846 0.5348557692307693 0.07451923076923077 0.12860576923076922
0 0.9278846153846154 0.5625 0.06971153846153846 0.12860576923076922
0 0.03485576923076923 0.6081730769230769 0.06850961538461539 0.1045673076923077
0 0.11057692307692307 0.7475961538461539 0.13942307692307693 0.1045673076923077
0 0.040865384615384616 0.8677884615384616 0.06971153846153846 0.1141826923076923
1 0.24639423076923078 0.30649038461538464 0.0673076923076923 0.0829326923076923
0 0.14302884615384615 0.31971153846153844 0.02403846153846154 0.04326923076923077
0 0.16947115384615385 0.3245192307692308 0.026442307692307692 0.04326923076923077