1 0.8293269230769231 0.34134615384615385 0.040865384615384616 0.09615384615384616
1 0.6730769230769231 0.35216346153846156 0.056490384615384616 0.125
1 0.7620192307692307 0.36538461538461536 0.07932692307692307 0.12259615384615384
1 0.6009615384615384 0.3786057692307692 0.08173076923076923 0.15985576923076922
1 0.4891826923076923 0.3858173076923077 0.08774038461538461 0.16706730769230768
1 0.3798076923076923 0.40024038461538464 0.08774038461538461 0.1875
1 0.27403846153846156 0.4338942307692308 0.07451923076923077 0.17307692307692307
1 0.17307692307692307 0.4483173076923077 0.07451923076923077 0.1622596153846154
1 0.9495192307692307 0.49038461538461536 0.0673076923076923 0.11057692307692307
1 0.8701923076923077 0.5504807692307693 0.06610576923076923 0.17307692307692307
1 0.7932692307692307 0.5973557692307693 0.08774038461538461 0.18389423076923078
1 0.6862980769230769 0.6394230769230769 0.109375 0.24158653846153846
1 0.5384615384615384 0.6622596153846154 0.10817307692307693 0.25841346153846156
1 0.3954326923076923 0.7079326923076923 0.125 0.2536057692307692
1 0.25600961538461536 0.7103365384615384 0.11298076923076923 0.22956730769230768
1 0.11778846153846154 0.7211538461538461 0.12139423076923077 0.2247596153846154