0 0.6502403846153846 0.37259615384615385 0.06610576923076923 0.05889423076923077
0 0.8197115384615384 0.3786057692307692 0.06129807692307692 0.05048076923076923
1 0.09134615384615384 0.38341346153846156 0.04807692307692308 0.08774038461538461
0 0.2439903846153846 0.3870192307692308 0.06850961538461539 0.07091346153846154
0 0.6177884615384616 0.40625 0.0625 0.07932692307692307
1 0.16947115384615385 0.4098557692307692 0.0733173076923077 0.09735576923076923
1 0.5300480769230769 0.41947115384615385 0.14423076923076922 0.11057692307692307
0 0.05889423076923077 0.4206730769230769 0.05048076923076923 0.04567307692307692
1 0.8052884615384616 0.4362980769230769 0.13581730769230768 0.14783653846153846
0 0.11899038461538461 0.47716346153846156 0.057692307692307696 0.0829326923076923
1 0.05048076923076923 0.4963942307692308 0.06971153846153846 0.11057692307692307
0 0.4879807692307692 0.5324519230769231 0.1141826923076923 0.12740384615384615
0 0.78125 0.5492788461538461 0.09735576923076923 0.08533653846153846
1 0.40024038461538464 0.5961538461538461 0.16826923076923078 0.25841346153846156
0 0.7403846153846154 0.6081730769230769 0.10817307692307693 0.07451923076923077
0 0.28725961538461536 0.7091346153846154 0.125 0.15985576923076922
1 0.7247596153846154 0.7211538461538461 0.2127403846153846 0.22115384615384615
1 0.14423076923076922 0.7271634615384616 0.11778846153846154 0.17067307692307693
0 0.5745192307692307 0.8521634615384616 0.171875 0.1622596153846154
0 0.37740384615384615 0.21394230769230768 0.030048076923076924 0.039663461538461536
1 0.4495192307692308 0.23317307692307693 0.09254807692307693 0.0829326923076923
1 0.2932692307692308 0.24879807692307693 0.0673076923076923 0.06850961538461539
0 0.33774038461538464 0.25240384615384615 0.03125 0.037259615384615384
0 0.4026442307692308 0.2848557692307692 0.06610576923076923 0.04807692307692308
1 0.6778846153846154 0.30528846153846156 0.1201923076923077 0.09014423076923077
0 0.34615384615384615 0.3076923076923077 0.042067307692307696 0.0733173076923077
1 0.2848557692307692 0.32572115384615385 0.08173076923076923 0.09014423076923077
1 0.16105769230769232 0.3317307692307692 0.05889423076923077 0.0829326923076923