1 0.4362980769230769 0.33413461538461536 0.06850961538461539 0.0733173076923077
1 0.5432692307692307 0.3605769230769231 0.078125 0.07451923076923077
0 0.6105769230769231 0.4026442307692308 0.07211538461538461 0.07932692307692307
0 0.12139423076923077 0.40625 0.056490384615384616 0.04567307692307692
1 0.6911057692307693 0.4182692307692308 0.06610576923076923 0.09975961538461539
1 0.040865384615384616 0.4338942307692308 0.056490384615384616 0.0829326923076923
0 0.1346153846153846 0.4483173076923077 0.04567307692307692 0.04567307692307692
1 0.7680288461538461 0.45552884615384615 0.04807692307692308 0.08173076923076923
1 0.1778846153846154 0.4579326923076923 0.06610576923076923 0.07932692307692307
1 0.25961538461538464 0.47475961538461536 0.12980769230769232 0.17067307692307693
1 0.8461538461538461 0.5048076923076923 0.06971153846153846 0.09735576923076923
1 0.36899038461538464 0.5132211538461539 0.10817307692307693 0.12740384615384615
1 0.4879807692307692 0.5985576923076923 0.12860576923076922 0.16466346153846154
1 0.6153846153846154 0.6682692307692307 0.12379807692307693 0.20432692307692307
1 0.7632211538461539 0.7295673076923077 0.10817307692307693 0.24639423076923078
1 0.890625 0.796875 0.109375 0.24759615384615385
0 0.2932692307692308 0.3004807692307692 0.037259615384615384 0.04567307692307692
1 0.33774038461538464 0.3088942307692308 0.057692307692307696 0.051682692307692304
1 0.3894230769230769 0.3161057692307692 0.04807692307692308 0.05889423076923077