0 0.4230769230769231 0.37740384615384615 0.0829326923076923 0.15865384615384615
0 0.11899038461538461 0.37740384615384615 0.0625 0.05889423076923077
0 0.5084134615384616 0.42427884615384615 0.0889423076923077 0.14783653846153846
0 0.0673076923076923 0.4362980769230769 0.056490384615384616 0.06850961538461539
1 0.7283653846153846 0.4879807692307692 0.11899038461538461 0.27283653846153844
0 0.6177884615384616 0.4891826923076923 0.07692307692307693 0.20432692307692307
0 0.02283653846153846 0.5048076923076923 0.04567307692307692 0.06850961538461539
1 0.8449519230769231 0.546875 0.10096153846153846 0.2644230769230769
0 0.30408653846153844 0.5564903846153846 0.12620192307692307 0.14182692307692307
1 0.9375 0.5901442307692307 0.09975961538461539 0.25600961538461536
0 0.4074519230769231 0.6490384615384616 0.140625 0.17668269230769232
0 0.5192307692307693 0.7620192307692307 0.10576923076923077 0.2127403846153846
0 0.65625 0.8149038461538461 0.10576923076923077 0.23798076923076922
0 0.9146634615384616 0.8341346153846154 0.0889423076923077 0.1814903846153846
0 0.796875 0.8353365384615384 0.10336538461538461 0.21634615384615385
1 0.41586538461538464 0.12259615384615384 0.04567307692307692 0.05048076923076923
1 0.48197115384615385 0.13701923076923078 0.0673076923076923 0.06490384615384616
1 0.6418269230769231 0.15144230769230768 0.055288461538461536 0.08533653846153846
0 0.5817307692307693 0.1622596153846154 0.046875 0.0625
0 0.33052884615384615 0.16706730769230768 0.06129807692307692 0.037259615384615384
0 0.29086538461538464 0.18990384615384615 0.06129807692307692 0.04567307692307692
0 0.7019230769230769 0.20072115384615385 0.04326923076923077 0.07692307692307693
1 0.7596153846153846 0.20432692307692307 0.04807692307692308 0.09975961538461539
0 0.25841346153846156 0.23076923076923078 0.06129807692307692 0.04326923076923077
1 0.8221153846153846 0.23677884615384615 0.057692307692307696 0.09735576923076923
1 0.8894230769230769 0.265625 0.06370192307692307 0.10576923076923077
0 0.22956730769230768 0.2776442307692308 0.07211538461538461 0.042067307692307696
1 0.15504807692307693 0.30528846153846156 0.0733173076923077 0.0733173076923077
1 0.9651442307692307 0.3161057692307692 0.06610576923076923 0.11298076923076923