0 0.8161057692307693 0.3581730769230769 0.11778846153846154 0.05889423076923077
1 0.359375 0.3713942307692308 0.16826923076923078 0.11899038461538461
1 0.8497596153846154 0.4098557692307692 0.1346153846153846 0.07451923076923077
1 0.28725961538461536 0.4651442307692308 0.1778846153846154 0.15625
1 0.8641826923076923 0.5 0.15264423076923078 0.1045673076923077
1 0.21514423076923078 0.5685096153846154 0.16105769230769232 0.17548076923076922
0 0.8197115384615384 0.6129807692307693 0.16826923076923078 0.12139423076923077
1 0.12860576923076922 0.6911057692307693 0.15144230769230768 0.21033653846153846
0 0.8233173076923077 0.7247596153846154 0.203125 0.15384615384615385
0 0.09495192307692307 0.8605769230769231 0.140625 0.15384615384615385
1 0.5300480769230769 0.17427884615384615 0.07451923076923077 0.04807692307692308
1 0.5144230769230769 0.1971153846153846 0.08653846153846154 0.051682692307692304
1 0.7980769230769231 0.20192307692307693 0.07932692307692307 0.05889423076923077
1 0.5012019230769231 0.2247596153846154 0.09735576923076923 0.0625
1 0.8161057692307693 0.25600961538461536 0.0985576923076923 0.05889423076923077
1 0.45072115384615385 0.25841346153846156 0.1141826923076923 0.07932692307692307
1 0.41466346153846156 0.3088942307692308 0.12620192307692307 0.09014423076923077
1 0.8269230769230769 0.31971153846153844 0.11778846153846154 0.0733173076923077