0 0.3485576923076923 0.35216346153846156 0.05048076923076923 0.07451923076923077
0 0.21033653846153846 0.3713942307692308 0.0733173076923077 0.06850961538461539
0 0.4074519230769231 0.3870192307692308 0.06129807692307692 0.08173076923076923
0 0.23076923076923078 0.42427884615384615 0.0673076923076923 0.0733173076923077
0 0.44711538461538464 0.4567307692307692 0.0673076923076923 0.10576923076923077
0 0.25721153846153844 0.4963942307692308 0.056490384615384616 0.08173076923076923
0 0.5348557692307693 0.5288461538461539 0.09014423076923077 0.11658653846153846
0 0.2956730769230769 0.5925480769230769 0.0889423076923077 0.10216346153846154
0 0.5877403846153846 0.6538461538461539 0.09375 0.125
0 0.3942307692307692 0.6682692307692307 0.10336538461538461 0.11899038461538461
0 0.703125 0.734375 0.10576923076923077 0.15625
0 0.4519230769230769 0.8197115384615384 0.11778846153846154 0.13581730769230768
0 0.7848557692307693 0.8557692307692307 0.11538461538461539 0.13581730769230768
0 0.5709134615384616 0.9170673076923077 0.10817307692307693 0.1658653846153846
1 0.2980769230769231 0.2620192307692308 0.12139423076923077 0.08533653846153846
0 0.33774038461538464 0.3016826923076923 0.06971153846153846 0.0625
0 0.19471153846153846 0.3269230769230769 0.0889423076923077 0.07932692307692307