1 0.8858173076923077 0.4206730769230769 0.037259615384615384 0.05889423076923077
1 0.7668269230769231 0.44350961538461536 0.05889423076923077 0.07932692307692307
1 0.8209134615384616 0.44711538461538464 0.051682692307692304 0.07692307692307693
1 0.8641826923076923 0.44711538461538464 0.052884615384615384 0.0733173076923077
1 0.7199519230769231 0.4735576923076923 0.07211538461538461 0.10576923076923077
1 0.6526442307692307 0.47475961538461536 0.0829326923076923 0.1502403846153846
1 0.5709134615384616 0.4807692307692308 0.07932692307692307 0.15264423076923078
1 0.4855769230769231 0.4963942307692308 0.09495192307692307 0.1502403846153846
1 0.40024038461538464 0.5252403846153846 0.08173076923076923 0.14182692307692307
1 0.31971153846153844 0.5324519230769231 0.07451923076923077 0.13581730769230768
1 0.23798076923076922 0.5360576923076923 0.09375 0.14783653846153846