1 0.5480769230769231 0.33413461538461536 0.0625 0.11057692307692307
0 0.47836538461538464 0.3449519230769231 0.055288461538461536 0.10576923076923077
1 0.6189903846153846 0.359375 0.0625 0.14783653846153846
1 0.6995192307692307 0.3786057692307692 0.06850961538461539 0.1310096153846154
1 0.7872596153846154 0.3894230769230769 0.0733173076923077 0.16706730769230768
1 0.8677884615384616 0.4326923076923077 0.078125 0.13942307692307693
0 0.23076923076923078 0.8016826923076923 0.1622596153846154 0.17908653846153846
0 0.5252403846153846 0.8882211538461539 0.234375 0.17307692307692307
1 0.19110576923076922 0.2932692307692308 0.05889423076923077 0.06490384615384616
1 0.34615384615384615 0.296875 0.051682692307692304 0.1141826923076923
1 0.26322115384615385 0.30408653846153844 0.06971153846153846 0.09134615384615384
1 0.4098557692307692 0.30649038461538464 0.078125 0.10817307692307693
0 0.2127403846153846 0.32091346153846156 0.030048076923076924 0.0625
0 0.29927884615384615 0.3269230769230769 0.036057692307692304 0.07451923076923077