0 0.3581730769230769 0.3485576923076923 0.04567307692307692 0.04807692307692308
0 0.3942307692307692 0.36177884615384615 0.052884615384615384 0.09375
1 0.4543269230769231 0.36658653846153844 0.078125 0.0829326923076923
1 0.5048076923076923 0.40865384615384615 0.08173076923076923 0.08774038461538461
1 0.21995192307692307 0.4266826923076923 0.13221153846153846 0.05048076923076923
1 0.5661057692307693 0.43028846153846156 0.07451923076923077 0.08173076923076923
1 0.6370192307692307 0.46274038461538464 0.08653846153846154 0.10817307692307693
1 0.22716346153846154 0.47475961538461536 0.10817307692307693 0.07451923076923077
1 0.7091346153846154 0.515625 0.08173076923076923 0.13581730769230768
1 0.24639423076923078 0.5444711538461539 0.1141826923076923 0.10576923076923077
1 0.32211538461538464 0.5841346153846154 0.14182692307692307 0.10216346153846154
1 0.3605769230769231 0.6838942307692307 0.20432692307692307 0.11899038461538461