1 0.2704326923076923 0.33533653846153844 0.05889423076923077 0.06610576923076923
0 0.4110576923076923 0.3713942307692308 0.08774038461538461 0.09735576923076923
1 0.17548076923076922 0.3737980769230769 0.06610576923076923 0.10576923076923077
1 0.8617788461538461 0.375 0.1201923076923077 0.07932692307692307
0 0.35096153846153844 0.4170673076923077 0.07451923076923077 0.09615384615384616
1 0.8016826923076923 0.42788461538461536 0.14423076923076922 0.10576923076923077
1 0.09735576923076923 0.4375 0.0673076923076923 0.11298076923076923
1 0.2956730769230769 0.4579326923076923 0.12379807692307693 0.1502403846153846
1 0.7668269230769231 0.5204326923076923 0.18028846153846154 0.125
0 0.21514423076923078 0.5360576923076923 0.09254807692307693 0.1141826923076923
0 0.13701923076923078 0.5817307692307693 0.07932692307692307 0.10817307692307693
0 0.7512019230769231 0.6009615384615384 0.13701923076923078 0.11057692307692307
1 0.9459134615384616 0.6322115384615384 0.10817307692307693 0.12259615384615384
0 0.06490384615384616 0.6694711538461539 0.07932692307692307 0.1310096153846154
1 0.6983173076923077 0.7403846153846154 0.2091346153846154 0.23557692307692307
1 0.9314903846153846 0.7620192307692307 0.1346153846153846 0.14543269230769232
1 0.5997596153846154 0.8377403846153846 0.18389423076923078 0.20793269230769232
1 0.8918269230769231 0.8870192307692307 0.11778846153846154 0.13341346153846154
0 0.47836538461538464 0.8966346153846154 0.11899038461538461 0.11057692307692307
1 0.6538461538461539 0.18269230769230768 0.06370192307692307 0.06009615384615385
1 0.7067307692307693 0.18629807692307693 0.06370192307692307 0.06490384615384616
1 0.625 0.20673076923076922 0.056490384615384616 0.05889423076923077
1 0.4362980769230769 0.21875 0.07211538461538461 0.07091346153846154
1 0.5709134615384616 0.23317307692307693 0.0829326923076923 0.08774038461538461
1 0.5348557692307693 0.2644230769230769 0.0673076923076923 0.07091346153846154
1 0.3557692307692308 0.2692307692307692 0.057692307692307696 0.08173076923076923
1 0.4735576923076923 0.3161057692307692 0.09014423076923077 0.10216346153846154