0 0.39302884615384615 0.3329326923076923 0.055288461538461536 0.07451923076923077
0 0.8040865384615384 0.34615384615384615 0.042067307692307696 0.0829326923076923
0 0.11778846153846154 0.3473557692307692 0.07692307692307693 0.042067307692307696
1 0.4519230769230769 0.35096153846153844 0.10576923076923077 0.11899038461538461
0 0.8557692307692307 0.3858173076923077 0.04567307692307692 0.08774038461538461
0 0.9050480769230769 0.4110576923076923 0.037259615384615384 0.09375
1 0.13822115384615385 0.4098557692307692 0.10096153846153846 0.09975961538461539
0 0.5120192307692307 0.4170673076923077 0.0625 0.08774038461538461
1 0.5853365384615384 0.4495192307692308 0.1141826923076923 0.14543269230769232
0 0.17307692307692307 0.4567307692307692 0.109375 0.0625
0 0.9603365384615384 0.4675480769230769 0.055288461538461536 0.10576923076923077
0 0.18389423076923078 0.515625 0.11899038461538461 0.0733173076923077
0 0.6622596153846154 0.5360576923076923 0.08653846153846154 0.16826923076923078
0 0.20192307692307693 0.5697115384615384 0.10817307692307693 0.08173076923076923
1 0.7487980769230769 0.5733173076923077 0.0985576923076923 0.21634615384615385
1 0.2548076923076923 0.6382211538461539 0.140625 0.16466346153846154
1 0.8485576923076923 0.6514423076923077 0.09975961538461539 0.21033653846153846
0 0.9134615384615384 0.7331730769230769 0.05889423076923077 0.19591346153846154
0 0.27524038461538464 0.7512019230769231 0.11057692307692307 0.09375
1 0.96875 0.7860576923076923 0.05889423076923077 0.2439903846153846
1 0.359375 0.8233173076923077 0.21875 0.1622596153846154
0 0.48197115384615385 0.8894230769230769 0.09254807692307693 0.0829326923076923
0 0.42427884615384615 0.171875 0.04567307692307692 0.04326923076923077
0 0.4807692307692308 0.1814903846153846 0.042067307692307696 0.04567307692307692
1 0.5348557692307693 0.18870192307692307 0.07211538461538461 0.06490384615384616
0 0.5685096153846154 0.21634615384615385 0.03245192307692308 0.05889423076923077
1 0.6153846153846154 0.21995192307692307 0.06610576923076923 0.07692307692307693
1 0.25841346153846156 0.22596153846153846 0.07692307692307693 0.0733173076923077
0 0.6598557692307693 0.2548076923076923 0.038461538461538464 0.06490384615384616
1 0.08413461538461539 0.25841346153846156 0.0673076923076923 0.054086538461538464
0 0.2980769230769231 0.2692307692307692 0.04326923076923077 0.07091346153846154
0 0.7067307692307693 0.2824519230769231 0.03485576923076923 0.07692307692307693
1 0.3641826923076923 0.2860576923076923 0.09014423076923077 0.09375
1 0.7572115384615384 0.2932692307692308 0.057692307692307696 0.09014423076923077