1 0.4963942307692308 0.34615384615384615 0.11778846153846154 0.08774038461538461
0 0.19110576923076922 0.35336538461538464 0.08173076923076923 0.027644230769230768
1 0.9086538461538461 0.35216346153846156 0.06971153846153846 0.07091346153846154
0 0.6694711538461539 0.38341346153846156 0.06129807692307692 0.0625
0 0.18389423076923078 0.3942307692307692 0.08173076923076923 0.028846153846153848
0 0.9411057692307693 0.40865384615384615 0.046875 0.06610576923076923
0 0.19110576923076922 0.43028846153846156 0.0889423076923077 0.03125
0 0.7223557692307693 0.44350961538461536 0.0889423076923077 0.09134615384615384
0 0.5072115384615384 0.44350961538461536 0.12379807692307693 0.05889423076923077
0 0.7824519230769231 0.5360576923076923 0.09254807692307693 0.10216346153846154
0 0.5540865384615384 0.5408653846153846 0.18629807692307693 0.08173076923076923
0 0.15144230769230768 0.6069711538461539 0.1310096153846154 0.07692307692307693
1 0.8810096153846154 0.6129807692307693 0.125 0.14783653846153846
0 0.6057692307692307 0.6586538461538461 0.17307692307692307 0.125
0 0.14783653846153846 0.6887019230769231 0.16346153846153846 0.08533653846153846
0 0.9254807692307693 0.7524038461538461 0.109375 0.12139423076923077
1 0.6742788461538461 0.8004807692307693 0.18629807692307693 0.14543269230769232
1 0.11658653846153846 0.8100961538461539 0.19471153846153846 0.12860576923076922
0 0.9735576923076923 0.8617788461538461 0.052884615384615384 0.13701923076923078
0 0.7596153846153846 0.921875 0.13221153846153846 0.13942307692307693
0 0.14903846153846154 0.9543269230769231 0.14423076923076922 0.09134615384615384
1 0.39783653846153844 0.1658653846153846 0.06971153846153846 0.039663461538461536
0 0.7175480769230769 0.21153846153846154 0.036057692307692304 0.02283653846153846
0 0.7439903846153846 0.23076923076923078 0.042067307692307696 0.03365384615384615
0 0.4014423076923077 0.2439903846153846 0.03485576923076923 0.025240384615384616
0 0.7740384615384616 0.2536057692307692 0.042067307692307696 0.03125
0 0.5612980769230769 0.25841346153846156 0.03125 0.028846153846153848
0 0.43149038461538464 0.2620192307692308 0.03125 0.037259615384615384
1 0.21514423076923078 0.26802884615384615 0.09495192307692307 0.056490384615384616
1 0.8954326923076923 0.2764423076923077 0.056490384615384616 0.06009615384615385
0 0.8052884615384616 0.2848557692307692 0.04567307692307692 0.04326923076923077
0 0.5913461538461539 0.2932692307692308 0.051682692307692304 0.056490384615384616
0 0.44471153846153844 0.2956730769230769 0.042067307692307696 0.03365384615384615
0 0.20673076923076922 0.3173076923076923 0.06850961538461539 0.027644230769230768
0 0.8485576923076923 0.32091346153846156 0.04326923076923077 0.05048076923076923
0 0.6322115384615384 0.33052884615384615 0.06129807692307692 0.056490384615384616