0 0.33052884615384615 0.40024038461538464 0.057692307692307696 0.12139423076923077
0 0.23076923076923078 0.4182692307692308 0.056490384615384616 0.09134615384615384
0 0.02403846153846154 0.4723557692307692 0.046875 0.10216346153846154
1 0.8389423076923077 0.4735576923076923 0.12139423076923077 0.12740384615384615
0 0.11057692307692307 0.47596153846153844 0.06129807692307692 0.11899038461538461
1 0.6526442307692307 0.5925480769230769 0.19471153846153846 0.18509615384615385
0 0.484375 0.6935096153846154 0.23798076923076922 0.17067307692307693
1 0.33413461538461536 0.7788461538461539 0.19951923076923078 0.23317307692307693
0 0.1346153846153846 0.8088942307692307 0.18870192307692307 0.1814903846153846
1 0.13701923076923078 0.8125 0.18870192307692307 0.20432692307692307
0 0.5036057692307693 0.13221153846153846 0.038461538461538464 0.03485576923076923
0 0.5504807692307693 0.13341346153846154 0.036057692307692304 0.03365384615384615
0 0.4543269230769231 0.140625 0.040865384615384616 0.04326923076923077
0 0.5973557692307693 0.14182692307692307 0.021634615384615384 0.03365384615384615
0 0.4050480769230769 0.14423076923076922 0.04807692307692308 0.037259615384615384
0 0.3545673076923077 0.16826923076923078 0.037259615384615384 0.04807692307692308
0 0.2932692307692308 0.18028846153846154 0.04326923076923077 0.039663461538461536
1 0.7307692307692307 0.19230769230769232 0.03245192307692308 0.0733173076923077
0 0.2403846153846154 0.19110576923076922 0.042067307692307696 0.037259615384615384
1 0.7716346153846154 0.19831730769230768 0.03485576923076923 0.07451923076923077
0 0.6911057692307693 0.21153846153846154 0.026442307692307692 0.056490384615384616
0 0.18629807692307693 0.21514423076923078 0.04567307692307692 0.056490384615384616
0 0.13701923076923078 0.24278846153846154 0.038461538461538464 0.03485576923076923
1 0.8545673076923077 0.24759615384615385 0.027644230769230768 0.0829326923076923
0 0.0829326923076923 0.2512019230769231 0.037259615384615384 0.039663461538461536
0 0.3713942307692308 0.2548076923076923 0.06129807692307692 0.07692307692307693
1 0.8209134615384616 0.26322115384615385 0.036057692307692304 0.0733173076923077
1 0.6009615384615384 0.26322115384615385 0.06129807692307692 0.14423076923076922
1 0.4675480769230769 0.2800480769230769 0.06850961538461539 0.14423076923076922
0 0.7283653846153846 0.2860576923076923 0.042067307692307696 0.07692307692307693
0 0.78125 0.28725961538461536 0.03125 0.07932692307692307
0 0.04567307692307692 0.2932692307692308 0.04567307692307692 0.039663461538461536
0 0.6790865384615384 0.2980769230769231 0.038461538461538464 0.09975961538461539
0 0.2764423076923077 0.30408653846153844 0.06610576923076923 0.07932692307692307
1 0.11778846153846154 0.32091346153846156 0.0985576923076923 0.11658653846153846