1 0.7824519230769231 0.38341346153846156 0.15504807692307693 0.1045673076923077
1 0.16826923076923078 0.40625 0.11057692307692307 0.1622596153846154
1 0.7259615384615384 0.4651442307692308 0.15985576923076922 0.16466346153846154
0 0.12620192307692307 0.515625 0.08774038461538461 0.14783653846153846
1 0.6754807692307693 0.5877403846153846 0.18269230769230768 0.18389423076923078
0 0.05889423076923077 0.5913461538461539 0.11057692307692307 0.17908653846153846
1 0.5841346153846154 0.7403846153846154 0.19230769230769232 0.2692307692307692
1 0.5949519230769231 0.08413461538461539 0.10336538461538461 0.06850961538461539
0 0.4639423076923077 0.8521634615384616 0.1875 0.14182692307692307
0 0.5769230769230769 0.12620192307692307 0.057692307692307696 0.056490384615384616
1 0.5168269230769231 0.14182692307692307 0.08653846153846154 0.07451923076923077
1 0.4495192307692308 0.15625 0.09735576923076923 0.0829326923076923
1 0.40024038461538464 0.1935096153846154 0.078125 0.08774038461538461
1 0.33052884615384615 0.25 0.11778846153846154 0.09975961538461539
1 0.25600961538461536 0.31971153846153844 0.10576923076923077 0.11057692307692307