1 0.25240384615384615 0.3401442307692308 0.12379807692307693 0.15384615384615385
1 0.43028846153846156 0.3641826923076923 0.12980769230769232 0.2247596153846154
0 0.3245192307692308 0.41346153846153844 0.06850961538461539 0.13942307692307693
0 0.5252403846153846 0.4338942307692308 0.06971153846153846 0.19110576923076922
1 0.6310096153846154 0.4495192307692308 0.09254807692307693 0.23317307692307693
1 0.1502403846153846 0.5216346153846154 0.11778846153846154 0.20673076923076922
0 0.7259615384615384 0.5264423076923077 0.0829326923076923 0.20192307692307693
1 0.8894230769230769 0.5324519230769231 0.0829326923076923 0.24759615384615385
0 0.8149038461538461 0.5480769230769231 0.0829326923076923 0.18389423076923078
0 0.23677884615384615 0.5901442307692307 0.10096153846153846 0.23557692307692307
1 0.9699519230769231 0.6117788461538461 0.056490384615384616 0.20192307692307693
0 0.33653846153846156 0.6346153846153846 0.08173076923076923 0.2439903846153846
1 0.43149038461538464 0.6694711538461539 0.13701923076923078 0.35216346153846156
0 0.4651442307692308 0.6694711538461539 0.10817307692307693 0.31009615384615385
0 0.5841346153846154 0.7391826923076923 0.10336538461538461 0.3125
0 0.7091346153846154 0.7848557692307693 0.10576923076923077 0.2956730769230769
1 0.8365384615384616 0.7884615384615384 0.11778846153846154 0.3016826923076923
0 0.9555288461538461 0.8425480769230769 0.0889423076923077 0.18509615384615385
1 0.4855769230769231 0.140625 0.051682692307692304 0.0733173076923077
1 0.5528846153846154 0.1502403846153846 0.05048076923076923 0.07932692307692307
1 0.6574519230769231 0.18028846153846154 0.04326923076923077 0.08173076923076923
0 0.6129807692307693 0.18509615384615385 0.036057692307692304 0.07451923076923077
1 0.71875 0.19591346153846154 0.04326923076923077 0.09975961538461539
1 0.7752403846153846 0.22596153846153846 0.04807692307692308 0.09735576923076923
0 0.8209134615384616 0.2620192307692308 0.042067307692307696 0.1045673076923077
1 0.8713942307692307 0.2704326923076923 0.056490384615384616 0.11658653846153846
0 0.9182692307692307 0.32572115384615385 0.036057692307692304 0.08533653846153846
1 0.9567307692307693 0.328125 0.04567307692307692 0.09014423076923077