1 0.06129807692307692 0.38221153846153844 0.037259615384615384 0.09735576923076923
1 0.09014423076923077 0.3942307692307692 0.055288461538461536 0.10817307692307693
1 0.14423076923076922 0.3954326923076923 0.07451923076923077 0.12860576923076922
1 0.23317307692307693 0.4326923076923077 0.0733173076923077 0.14423076923076922
1 0.3161057692307692 0.44711538461538464 0.0889423076923077 0.17307692307692307
1 0.5817307692307693 0.5036057692307693 0.09014423076923077 0.19591346153846154
0 0.3737980769230769 0.5108173076923077 0.078125 0.19110576923076922
0 0.4723557692307692 0.5300480769230769 0.10336538461538461 0.1935096153846154
1 0.6838942307692307 0.5300480769230769 0.07932692307692307 0.21875
1 0.7692307692307693 0.5504807692307693 0.09254807692307693 0.20673076923076922
1 0.8557692307692307 0.5745192307692307 0.1045673076923077 0.20192307692307693
1 0.04927884615384615 0.5829326923076923 0.09254807692307693 0.1045673076923077
1 0.15985576923076922 0.6778846153846154 0.1658653846153846 0.1935096153846154
1 0.3737980769230769 0.7992788461538461 0.203125 0.17668269230769232
1 0.8870192307692307 0.8725961538461539 0.1971153846153846 0.1045673076923077