0 0.7487980769230769 0.3401442307692308 0.046875 0.04567307692307692
0 0.8605769230769231 0.35697115384615385 0.04326923076923077 0.03485576923076923
0 0.3894230769230769 0.375 0.10817307692307693 0.08774038461538461
0 0.7403846153846154 0.38221153846153844 0.07211538461538461 0.056490384615384616
0 0.8689903846153846 0.4026442307692308 0.04807692307692308 0.04326923076923077
0 0.33533653846153844 0.4411057692307692 0.1141826923076923 0.10817307692307693
0 0.7403846153846154 0.453125 0.10096153846153846 0.06490384615384616
0 0.8870192307692307 0.46153846153846156 0.06610576923076923 0.056490384615384616
0 0.27524038461538464 0.5132211538461539 0.13701923076923078 0.11057692307692307
0 0.7235576923076923 0.5348557692307693 0.12139423076923077 0.1045673076923077
0 0.8942307692307693 0.5360576923076923 0.0733173076923077 0.06850961538461539
1 0.18269230769230768 0.5925480769230769 0.12860576923076922 0.13942307692307693
0 0.8954326923076923 0.6141826923076923 0.09735576923076923 0.08774038461538461
0 0.703125 0.6490384615384616 0.13701923076923078 0.13581730769230768
0 0.11778846153846154 0.7295673076923077 0.11538461538461539 0.17908653846153846
0 0.8978365384615384 0.7367788461538461 0.12379807692307693 0.1310096153846154
0 0.6526442307692307 0.7836538461538461 0.1875 0.19951923076923078
0 0.05048076923076923 0.8076923076923077 0.08653846153846154 0.15985576923076922
0 0.8834134615384616 0.8713942307692307 0.1201923076923077 0.12139423076923077
0 0.5432692307692307 0.8762019230769231 0.18028846153846154 0.13942307692307693
1 0.7668269230769231 0.19951923076923078 0.06850961538461539 0.06610576923076923
0 0.53125 0.22596153846153846 0.078125 0.06009615384615385
1 0.46875 0.2548076923076923 0.09014423076923077 0.07692307692307693
1 0.4206730769230769 0.2932692307692308 0.1045673076923077 0.09134615384615384
0 0.7487980769230769 0.29927884615384615 0.04807692307692308 0.039663461538461536
0 0.8473557692307693 0.3245192307692308 0.036057692307692304 0.02283653846153846