1 0.44471153846153844 0.3557692307692308 0.09375 0.05889423076923077
1 0.1658653846153846 0.3581730769230769 0.07692307692307693 0.05889423076923077
0 0.8629807692307693 0.3581730769230769 0.052884615384615384 0.05048076923076923
1 0.9471153846153846 0.36658653846153844 0.037259615384615384 0.05889423076923077
1 0.6682692307692307 0.39302884615384615 0.08653846153846154 0.1141826923076923
0 0.9146634615384616 0.4098557692307692 0.038461538461538464 0.06009615384615385
1 0.12860576923076922 0.41225961538461536 0.08173076923076923 0.06610576923076923
0 0.4098557692307692 0.4411057692307692 0.12860576923076922 0.08774038461538461
0 0.9603365384615384 0.46033653846153844 0.038461538461538464 0.07451923076923077
1 0.07692307692307693 0.47716346153846156 0.08413461538461539 0.07932692307692307
0 0.7283653846153846 0.4795673076923077 0.11778846153846154 0.08774038461538461
0 0.3737980769230769 0.5240384615384616 0.14543269230769232 0.09735576923076923
0 0.7824519230769231 0.5637019230769231 0.10576923076923077 0.1141826923076923
0 0.051682692307692304 0.5697115384615384 0.07451923076923077 0.08533653846153846
1 0.32211538461538464 0.6286057692307693 0.1971153846153846 0.13581730769230768
1 0.8810096153846154 0.6490384615384616 0.0985576923076923 0.13942307692307693
1 0.7487980769230769 0.765625 0.140625 0.20673076923076922
0 0.28846153846153844 0.7932692307692307 0.171875 0.15865384615384615
0 0.6286057692307693 0.8353365384615384 0.12620192307692307 0.1622596153846154
1 0.34975961538461536 0.17427884615384615 0.07211538461538461 0.04807692307692308
1 0.7271634615384616 0.18870192307692307 0.051682692307692304 0.056490384615384616
0 0.33413461538461536 0.20432692307692307 0.046875 0.020432692307692308
0 0.7644230769230769 0.22115384615384615 0.016826923076923076 0.025240384615384616
0 0.31850961538461536 0.23076923076923078 0.05048076923076923 0.02283653846153846
0 0.7860576923076923 0.23557692307692307 0.03125 0.03365384615384615
0 0.7199519230769231 0.24158653846153846 0.03245192307692308 0.028846153846153848
1 0.8233173076923077 0.25240384615384615 0.05048076923076923 0.054086538461538464
0 0.2848557692307692 0.2548076923076923 0.042067307692307696 0.03125
0 0.7427884615384616 0.25961538461538464 0.03125 0.027644230769230768
0 0.2668269230769231 0.2848557692307692 0.04807692307692308 0.03485576923076923
0 0.7800480769230769 0.29086538461538464 0.04807692307692308 0.039663461538461536
1 0.21394230769230768 0.30649038461538464 0.08173076923076923 0.0625
1 0.45552884615384615 0.3076923076923077 0.0889423076923077 0.039663461538461536
1 0.8317307692307693 0.3088942307692308 0.055288461538461536 0.06490384615384616
0 0.875 0.3088942307692308 0.03125 0.028846153846153848
1 0.6177884615384616 0.3125 0.08774038461538461 0.09134615384615384
0 0.9050480769230769 0.3317307692307692 0.03485576923076923 0.04567307692307692