1 0.7788461538461539 0.36899038461538464 0.13581730769230768 0.11298076923076923
1 0.10576923076923077 0.38100961538461536 0.09014423076923077 0.12860576923076922
1 0.7427884615384616 0.4651442307692308 0.15504807692307693 0.12860576923076922
0 0.0625 0.5072115384615384 0.07451923076923077 0.11899038461538461
1 0.6478365384615384 0.5264423076923077 0.14903846153846154 0.14423076923076922
1 0.5745192307692307 0.6418269230769231 0.18629807692307693 0.2620192307692308
0 0.4735576923076923 0.75 0.15625 0.21634615384615385
0 0.3701923076923077 0.8689903846153846 0.1502403846153846 0.19951923076923078
1 0.5276442307692307 0.1045673076923077 0.08653846153846154 0.07091346153846154
0 0.49038461538461536 0.14903846153846154 0.07692307692307693 0.056490384615384616
1 0.38221153846153844 0.1778846153846154 0.08173076923076923 0.08173076923076923
0 0.44471153846153844 0.18389423076923078 0.06610576923076923 0.0733173076923077
1 0.31009615384615385 0.20673076923076922 0.10817307692307693 0.09735576923076923
1 0.8473557692307693 0.23798076923076922 0.14903846153846154 0.09615384615384616
1 0.7908653846153846 0.28966346153846156 0.13942307692307693 0.09134615384615384
0 0.2644230769230769 0.296875 0.07692307692307693 0.10216346153846154
1 0.18509615384615385 0.33052884615384615 0.0829326923076923 0.1141826923076923