1 0.5625 0.33653846153846156 0.08173076923076923 0.09375
1 0.5060096153846154 0.3545673076923077 0.0889423076923077 0.09615384615384616
1 0.8125 0.3545673076923077 0.04326923076923077 0.05048076923076923
1 0.45552884615384615 0.3954326923076923 0.0985576923076923 0.13701923076923078
1 0.7884615384615384 0.41466346153846156 0.06610576923076923 0.07091346153846154
1 0.3701923076923077 0.43149038461538464 0.09375 0.19110576923076922
1 0.2860576923076923 0.4987980769230769 0.109375 0.21875
1 0.7355769230769231 0.5096153846153846 0.08774038461538461 0.11899038461538461
1 0.19951923076923078 0.5757211538461539 0.08413461538461539 0.19831730769230768
1 0.11778846153846154 0.625 0.08413461538461539 0.22115384615384615
1 0.6502403846153846 0.6875 0.14903846153846154 0.21634615384615385
1 0.037259615384615384 0.7019230769230769 0.07451923076923077 0.27524038461538464
1 0.6610576923076923 0.2848557692307692 0.06610576923076923 0.08173076923076923
1 0.6105769230769231 0.31490384615384615 0.0673076923076923 0.07932692307692307
1 0.8305288461538461 0.3161057692307692 0.04567307692307692 0.04567307692307692