0 0.3557692307692308 0.3629807692307692 0.036057692307692304 0.051682692307692304
1 0.41225961538461536 0.3641826923076923 0.07211538461538461 0.07932692307692307
1 0.5096153846153846 0.4230769230769231 0.0733173076923077 0.08774038461538461
1 0.09014423076923077 0.45552884615384615 0.09014423076923077 0.08173076923076923
1 0.5685096153846154 0.4567307692307692 0.0829326923076923 0.09735576923076923
0 0.09495192307692307 0.484375 0.038461538461538464 0.03125
1 0.6370192307692307 0.5228365384615384 0.08653846153846154 0.11658653846153846
1 0.11538461538461539 0.5396634615384616 0.09975961538461539 0.125
1 0.7259615384615384 0.5757211538461539 0.06370192307692307 0.1141826923076923
0 0.14182692307692307 0.6225961538461539 0.10576923076923077 0.07932692307692307
1 0.8125 0.6370192307692307 0.09014423076923077 0.18389423076923078
1 0.9483173076923077 0.7283653846153846 0.08173076923076923 0.15264423076923078
1 0.30528846153846156 0.28725961538461536 0.040865384615384616 0.037259615384615384
1 0.3485576923076923 0.3088942307692308 0.05889423076923077 0.04807692307692308
0 0.2956730769230769 0.32211538461538464 0.03485576923076923 0.04807692307692308