1 0.6189903846153846 0.5072115384615384 0.056490384615384616 0.07211538461538461
1 0.42427884615384615 0.5204326923076923 0.051682692307692304 0.078125
0 0.5793269230769231 0.5360576923076923 0.03245192307692308 0.036057692307692304
0 0.5300480769230769 0.5384615384615384 0.027644230769230768 0.036057692307692304
1 0.31971153846153844 0.5408653846153846 0.042067307692307696 0.06129807692307692
0 0.4795673076923077 0.5456730769230769 0.037259615384615384 0.04447115384615385
1 0.20432692307692307 0.5492788461538461 0.038461538461538464 0.0673076923076923
1 0.15264423076923078 0.5492788461538461 0.040865384615384616 0.0673076923076923
1 0.09735576923076923 0.5528846153846154 0.05048076923076923 0.06370192307692307
0 0.36899038461538464 0.5516826923076923 0.036057692307692304 0.05048076923076923
0 0.2608173076923077 0.5588942307692307 0.040865384615384616 0.052884615384615384
0 0.04326923076923077 0.5709134615384616 0.037259615384615384 0.06129807692307692
1 0.5661057692307693 0.5757211538461539 0.05048076923076923 0.05889423076923077
0 0.6177884615384616 0.5817307692307693 0.03245192307692308 0.03365384615384615
1 0.4987980769230769 0.6045673076923077 0.057692307692307696 0.11177884615384616
1 0.06971153846153846 0.625 0.04807692307692308 0.06370192307692307
1 0.21875 0.6298076923076923 0.04326923076923077 0.06129807692307692
1 0.8269230769230769 0.6298076923076923 0.08173076923076923 0.09975961538461539
1 0.3605769230769231 0.6370192307692307 0.04807692307692308 0.09134615384615384
0 0.14423076923076922 0.6418269230769231 0.046875 0.030048076923076924
1 0.7019230769230769 0.640625 0.0625 0.09975961538461539
0 0.43028846153846156 0.6430288461538461 0.05048076923076923 0.06129807692307692
1 0.625 0.6550480769230769 0.0625 0.09975961538461539
0 0.7680288461538461 0.6778846153846154 0.04567307692307692 0.06971153846153846
1 0.5649038461538461 0.6814903846153846 0.06129807692307692 0.10817307692307693
1 0.30649038461538464 0.6826923076923077 0.057692307692307696 0.10576923076923077
1 0.2247596153846154 0.7019230769230769 0.06610576923076923 0.08413461538461539
1 0.04567307692307692 0.7055288461538461 0.057692307692307696 0.1141826923076923
0 0.47475961538461536 0.7175480769230769 0.06129807692307692 0.08653846153846154
0 0.3942307692307692 0.7199519230769231 0.057692307692307696 0.08052884615384616
1 0.13341346153846154 0.71875 0.0673076923076923 0.10576923076923077
1 0.9519230769230769 0.8341346153846154 0.09495192307692307 0.15865384615384615
1 0.8533653846153846 0.8617788461538461 0.08413461538461539 0.1201923076923077
1 0.7439903846153846 0.875 0.07211538461538461 0.1502403846153846
1 0.6382211538461539 0.8822115384615384 0.1045673076923077 0.19230769230769232
1 0.5120192307692307 0.9206730769230769 0.11057692307692307 0.15865384615384615
1 0.11298076923076923 0.9230769230769231 0.09735576923076923 0.14783653846153846
1 0.021634615384615384 0.9290865384615384 0.042067307692307696 0.13701923076923078
1 0.25961538461538464 0.9387019230769231 0.0985576923076923 0.11658653846153846
0 0.3894230769230769 0.9543269230769231 0.10817307692307693 0.08653846153846154