1 0.6213942307692307 0.5144230769230769 0.052884615384615384 0.07572115384615384
1 0.4266826923076923 0.5288461538461539 0.052884615384615384 0.09495192307692307
0 0.5769230769230769 0.5324519230769231 0.036057692307692304 0.055288461538461536
1 0.32211538461538464 0.5372596153846154 0.046875 0.07211538461538461
0 0.4807692307692308 0.5408653846153846 0.042067307692307696 0.04447115384615385
1 0.203125 0.5408653846153846 0.04326923076923077 0.0673076923076923
0 0.5276442307692307 0.5420673076923077 0.037259615384615384 0.046875
0 0.3713942307692308 0.5552884615384616 0.03485576923076923 0.052884615384615384
1 0.15504807692307693 0.5552884615384616 0.040865384615384616 0.07572115384615384
1 0.09735576923076923 0.5612980769230769 0.042067307692307696 0.06971153846153846
0 0.2644230769230769 0.5625 0.03245192307692308 0.05048076923076923
1 0.6887019230769231 0.5637019230769231 0.052884615384615384 0.06370192307692307
1 0.7536057692307693 0.5673076923076923 0.052884615384615384 0.08653846153846154
0 0.04326923076923077 0.5817307692307693 0.040865384615384616 0.04447115384615385
1 0.4963942307692308 0.5985576923076923 0.051682692307692304 0.09495192307692307
0 0.2824519230769231 0.6213942307692307 0.046875 0.038461538461538464
1 0.21514423076923078 0.625 0.046875 0.06971153846153846
1 0.3581730769230769 0.6310096153846154 0.05889423076923077 0.07572115384615384
1 0.06370192307692307 0.6310096153846154 0.04326923076923077 0.05889423076923077
1 0.8269230769230769 0.6310096153846154 0.0625 0.09735576923076923
0 0.1502403846153846 0.6370192307692307 0.04326923076923077 0.042067307692307696
0 0.43149038461538464 0.6394230769230769 0.05048076923076923 0.06370192307692307
1 0.6971153846153846 0.640625 0.057692307692307696 0.09975961538461539
1 0.6286057692307693 0.6694711538461539 0.057692307692307696 0.10336538461538461
1 0.5588942307692307 0.6742788461538461 0.056490384615384616 0.11658653846153846
0 0.7752403846153846 0.6814903846153846 0.052884615384615384 0.08052884615384616
1 0.30528846153846156 0.6947115384615384 0.06129807692307692 0.10817307692307693
1 0.12740384615384615 0.7079326923076923 0.06370192307692307 0.12259615384615384
0 0.47596153846153844 0.7163461538461539 0.0625 0.0889423076923077
1 0.22716346153846154 0.7199519230769231 0.057692307692307696 0.09735576923076923
1 0.04567307692307692 0.7211538461538461 0.0625 0.0889423076923077
0 0.3870192307692308 0.7211538461538461 0.06610576923076923 0.08413461538461539
1 0.953125 0.8365384615384616 0.08774038461538461 0.13701923076923078
1 0.8329326923076923 0.8545673076923077 0.08173076923076923 0.12860576923076922
1 0.6322115384615384 0.8701923076923077 0.10096153846153846 0.2091346153846154
1 0.7427884615384616 0.8846153846153846 0.07932692307692307 0.1310096153846154
1 0.11899038461538461 0.9086538461538461 0.09254807692307693 0.1778846153846154
1 0.3762019230769231 0.9230769230769231 0.1141826923076923 0.15264423076923078
1 0.5096153846153846 0.9254807692307693 0.11538461538461539 0.14903846153846154
1 0.2548076923076923 0.9375 0.08413461538461539 0.125
1 0.020432692307692308 0.9375 0.040865384615384616 0.125