1 0.6225961538461539 0.5108173076923077 0.057692307692307696 0.07572115384615384
1 0.4230769230769231 0.5300480769230769 0.055288461538461536 0.08052884615384616
0 0.5276442307692307 0.5348557692307693 0.046875 0.04447115384615385
0 0.4723557692307692 0.5444711538461539 0.036057692307692304 0.042067307692307696
0 0.5805288461538461 0.5456730769230769 0.038461538461538464 0.04447115384615385
1 0.31850961538461536 0.5456730769230769 0.042067307692307696 0.07211538461538461
0 0.3737980769230769 0.5504807692307693 0.037259615384615384 0.042067307692307696
1 0.0985576923076923 0.5576923076923077 0.046875 0.07211538461538461
1 0.20552884615384615 0.5588942307692307 0.042067307692307696 0.06971153846153846
1 0.15144230769230768 0.5576923076923077 0.040865384615384616 0.0673076923076923
1 0.6826923076923077 0.5612980769230769 0.052884615384615384 0.05889423076923077
0 0.2608173076923077 0.5673076923076923 0.046875 0.042067307692307696
1 0.7536057692307693 0.5709134615384616 0.05048076923076923 0.08413461538461539
0 0.042067307692307696 0.5733173076923077 0.040865384615384616 0.055288461538461536
1 0.5637019230769231 0.5793269230769231 0.06129807692307692 0.078125
0 0.6442307692307693 0.5841346153846154 0.02403846153846154 0.036057692307692304
0 0.6105769230769231 0.5877403846153846 0.027644230769230768 0.03365384615384615
1 0.4987980769230769 0.6045673076923077 0.052884615384615384 0.09495192307692307
1 0.07091346153846154 0.6322115384615384 0.04807692307692308 0.06129807692307692
0 0.14302884615384615 0.6394230769230769 0.057692307692307696 0.042067307692307696
1 0.8245192307692307 0.6418269230769231 0.0889423076923077 0.10817307692307693
0 0.4423076923076923 0.640625 0.05048076923076923 0.055288461538461536
1 0.6237980769230769 0.6526442307692307 0.057692307692307696 0.08653846153846154
1 0.6995192307692307 0.6514423076923077 0.06971153846153846 0.11658653846153846
1 0.5600961538461539 0.6730769230769231 0.0673076923076923 0.09735576923076923
0 0.7620192307692307 0.6766826923076923 0.046875 0.07211538461538461
1 0.31009615384615385 0.6862980769230769 0.057692307692307696 0.10336538461538461
1 0.39663461538461536 0.6862980769230769 0.07451923076923077 0.10817307692307693
1 0.23076923076923078 0.7019230769230769 0.057692307692307696 0.07211538461538461
1 0.04807692307692308 0.7091346153846154 0.05889423076923077 0.09735576923076923
1 0.12980769230769232 0.7079326923076923 0.0625 0.10576923076923077
0 0.47836538461538464 0.7283653846153846 0.056490384615384616 0.08653846153846154
1 0.953125 0.8449519230769231 0.09014423076923077 0.13701923076923078
1 0.8425480769230769 0.8521634615384616 0.0889423076923077 0.12860576923076922
1 0.7403846153846154 0.875 0.07692307692307693 0.1502403846153846
1 0.6346153846153846 0.8786057692307693 0.09975961538461539 0.19831730769230768
1 0.1141826923076923 0.9146634615384616 0.09975961538461539 0.16947115384615385
1 0.5120192307692307 0.9230769230769231 0.10576923076923077 0.14783653846153846
1 0.25721153846153844 0.9242788461538461 0.10096153846153846 0.14543269230769232
1 0.02283653846153846 0.9350961538461539 0.04567307692307692 0.125
0 0.38221153846153844 0.9483173076923077 0.1201923076923077 0.09735576923076923