1 0.6177884615384616 0.5060096153846154 0.056490384615384616 0.08653846153846154
1 0.4254807692307692 0.5300480769230769 0.052884615384615384 0.08653846153846154
0 0.5841346153846154 0.5324519230769231 0.036057692307692304 0.06129807692307692
0 0.4807692307692308 0.5324519230769231 0.026442307692307692 0.038461538461538464
1 0.3245192307692308 0.5420673076923077 0.05048076923076923 0.08052884615384616
0 0.5264423076923077 0.5432692307692307 0.03125 0.055288461538461536
1 0.1502403846153846 0.546875 0.04567307692307692 0.06971153846153846
1 0.09495192307692307 0.5456730769230769 0.04807692307692308 0.078125
1 0.21033653846153846 0.5504807692307693 0.036057692307692304 0.06370192307692307
0 0.37259615384615385 0.5540865384615384 0.036057692307692304 0.055288461538461536
0 0.2644230769230769 0.5576923076923077 0.046875 0.055288461538461536
1 0.6838942307692307 0.5588942307692307 0.0625 0.06971153846153846
0 0.04326923076923077 0.5721153846153846 0.037259615384615384 0.046875
1 0.7596153846153846 0.5709134615384616 0.052884615384615384 0.0889423076923077
1 0.5685096153846154 0.5769230769230769 0.06129807692307692 0.0673076923076923
1 0.4987980769230769 0.6033653846153846 0.051682692307692304 0.10817307692307693
0 0.43149038461538464 0.6237980769230769 0.052884615384615384 0.078125
1 0.06850961538461539 0.6310096153846154 0.04807692307692308 0.052884615384615384
1 0.8257211538461539 0.6334134615384616 0.06370192307692307 0.09134615384615384
1 0.3605769230769231 0.6322115384615384 0.04567307692307692 0.08413461538461539
1 0.6971153846153846 0.6430288461538461 0.05889423076923077 0.09975961538461539
1 0.6237980769230769 0.6586538461538461 0.052884615384615384 0.09735576923076923
1 0.5661057692307693 0.6742788461538461 0.06370192307692307 0.10576923076923077
0 0.7716346153846154 0.6778846153846154 0.04807692307692308 0.07572115384615384
1 0.3088942307692308 0.6947115384615384 0.06129807692307692 0.1201923076923077
1 0.1310096153846154 0.7055288461538461 0.06129807692307692 0.1201923076923077
1 0.22716346153846154 0.7079326923076923 0.055288461538461536 0.09975961538461539
0 0.47475961538461536 0.7103365384615384 0.0673076923076923 0.0889423076923077
1 0.042067307692307696 0.7139423076923077 0.05889423076923077 0.1141826923076923
0 0.3918269230769231 0.7139423076923077 0.057692307692307696 0.09134615384615384
1 0.9495192307692307 0.8329326923076923 0.09735576923076923 0.15625
1 0.8317307692307693 0.8509615384615384 0.0829326923076923 0.1201923076923077
1 0.7379807692307693 0.8882211538461539 0.07932692307692307 0.15625
1 0.6286057692307693 0.8882211538461539 0.09735576923076923 0.18389423076923078
1 0.11298076923076923 0.9086538461538461 0.0985576923076923 0.1778846153846154
1 0.3737980769230769 0.9206730769230769 0.0985576923076923 0.15865384615384615
1 0.5120192307692307 0.9206730769230769 0.109375 0.15865384615384615
1 0.020432692307692308 0.9314903846153846 0.040865384615384616 0.1310096153846154
1 0.25961538461538464 0.9314903846153846 0.09735576923076923 0.1310096153846154