1 0.6274038461538461 0.5084134615384616 0.051682692307692304 0.07572115384615384
1 0.4338942307692308 0.5252403846153846 0.057692307692307696 0.08653846153846154
0 0.5769230769230769 0.5288461538461539 0.03485576923076923 0.05048076923076923
0 0.5168269230769231 0.5324519230769231 0.04326923076923077 0.04447115384615385
1 0.20673076923076922 0.546875 0.05048076923076923 0.08052884615384616
1 0.1502403846153846 0.5492788461538461 0.04326923076923077 0.0673076923076923
1 0.32091346153846156 0.5504807692307693 0.051682692307692304 0.08052884615384616
0 0.3786057692307692 0.5552884615384616 0.04567307692307692 0.052884615384615384
1 0.09495192307692307 0.5552884615384616 0.042067307692307696 0.06971153846153846
0 0.04326923076923077 0.5600961538461539 0.040865384615384616 0.055288461538461536
0 0.2668269230769231 0.5637019230769231 0.038461538461538464 0.052884615384615384
1 0.7536057692307693 0.5637019230769231 0.05048076923076923 0.08653846153846154
1 0.6911057692307693 0.5673076923076923 0.06610576923076923 0.07572115384615384
1 0.5576923076923077 0.5697115384615384 0.046875 0.08052884615384616
1 0.4987980769230769 0.6045673076923077 0.056490384615384616 0.09975961538461539
1 0.3557692307692308 0.625 0.055288461538461536 0.08653846153846154
0 0.42788461538461536 0.6370192307692307 0.057692307692307696 0.06370192307692307
1 0.8269230769230769 0.6346153846153846 0.07932692307692307 0.09975961538461539
1 0.6959134615384616 0.640625 0.06129807692307692 0.08413461538461539
1 0.6286057692307693 0.6502403846153846 0.052884615384615384 0.09735576923076923
0 0.765625 0.6754807692307693 0.04326923076923077 0.05889423076923077
1 0.5588942307692307 0.6742788461538461 0.078125 0.11177884615384616
1 0.30528846153846156 0.6875 0.06129807692307692 0.11177884615384616
1 0.2247596153846154 0.703125 0.06610576923076923 0.1201923076923077
1 0.1310096153846154 0.7115384615384616 0.06370192307692307 0.125
0 0.38822115384615385 0.7175480769230769 0.055288461538461536 0.08052884615384616
1 0.040865384615384616 0.71875 0.06610576923076923 0.12860576923076922
0 0.4723557692307692 0.7295673076923077 0.0625 0.0889423076923077
1 0.8425480769230769 0.8485576923076923 0.08653846153846154 0.1310096153846154
1 0.9567307692307693 0.8509615384615384 0.0829326923076923 0.14783653846153846
1 0.6358173076923077 0.8762019230769231 0.09014423076923077 0.19831730769230768
1 0.7487980769230769 0.8894230769230769 0.0829326923076923 0.18629807692307693
1 0.1141826923076923 0.9086538461538461 0.0985576923076923 0.18269230769230768
1 0.37259615384615385 0.9146634615384616 0.0985576923076923 0.16466346153846154
1 0.5096153846153846 0.9146634615384616 0.11298076923076923 0.16466346153846154
1 0.021634615384615384 0.9242788461538461 0.038461538461538464 0.14543269230769232
1 0.25721153846153844 0.9278846153846154 0.09735576923076923 0.13942307692307693