1 0.6201923076923077 0.5084134615384616 0.0625 0.08052884615384616
1 0.42427884615384615 0.5288461538461539 0.04807692307692308 0.08413461538461539
0 0.5204326923076923 0.5348557692307693 0.03485576923076923 0.038461538461538464
0 0.5769230769230769 0.5348557692307693 0.03485576923076923 0.038461538461538464
1 0.3173076923076923 0.5432692307692307 0.04326923076923077 0.0673076923076923
0 0.4723557692307692 0.546875 0.036057692307692304 0.042067307692307696
1 0.09735576923076923 0.5516826923076923 0.042067307692307696 0.06129807692307692
1 0.20192307692307693 0.5528846153846154 0.04807692307692308 0.05889423076923077
1 0.1502403846153846 0.5540865384615384 0.042067307692307696 0.07211538461538461
0 0.36778846153846156 0.5588942307692307 0.03485576923076923 0.052884615384615384
0 0.26322115384615385 0.5600961538461539 0.038461538461538464 0.06129807692307692
1 0.6887019230769231 0.5612980769230769 0.057692307692307696 0.05889423076923077
0 0.042067307692307696 0.5733173076923077 0.040865384615384616 0.06129807692307692
1 0.5576923076923077 0.578125 0.052884615384615384 0.06971153846153846
1 0.7572115384615384 0.5769230769230769 0.042067307692307696 0.07211538461538461
1 0.5024038461538461 0.6081730769230769 0.042067307692307696 0.08653846153846154
1 0.3557692307692308 0.6165865384615384 0.042067307692307696 0.052884615384615384
1 0.06850961538461539 0.6201923076923077 0.04326923076923077 0.05889423076923077
1 0.21995192307692307 0.6213942307692307 0.046875 0.055288461538461536
0 0.27163461538461536 0.6225961538461539 0.046875 0.036057692307692304
0 0.13701923076923078 0.6262019230769231 0.052884615384615384 0.04447115384615385
1 0.8233173076923077 0.6322115384615384 0.06610576923076923 0.078125
0 0.45072115384615385 0.6454326923076923 0.04807692307692308 0.052884615384615384
1 0.6971153846153846 0.6478365384615384 0.055288461538461536 0.10336538461538461
1 0.6322115384615384 0.6682692307692307 0.051682692307692304 0.0889423076923077
1 0.5564903846153846 0.6742788461538461 0.06610576923076923 0.10576923076923077
0 0.7644230769230769 0.6754807692307693 0.04326923076923077 0.06971153846153846
1 0.3942307692307692 0.6923076923076923 0.06610576923076923 0.1141826923076923
1 0.30649038461538464 0.6911057692307693 0.057692307692307696 0.09975961538461539
1 0.04927884615384615 0.7055288461538461 0.06129807692307692 0.09735576923076923
1 0.12860576923076922 0.7091346153846154 0.0625 0.10817307692307693
1 0.22716346153846154 0.7139423076923077 0.057692307692307696 0.09735576923076923
0 0.4795673076923077 0.7223557692307693 0.0625 0.07572115384615384
1 0.9555288461538461 0.8365384615384616 0.0889423076923077 0.16466346153846154
1 0.8473557692307693 0.8521634615384616 0.09375 0.12259615384615384
1 0.6322115384615384 0.8786057692307693 0.09975961538461539 0.19230769230769232
1 0.7403846153846154 0.8846153846153846 0.0733173076923077 0.16466346153846154
1 0.11778846153846154 0.9134615384615384 0.10096153846153846 0.16706730769230768
1 0.5132211538461539 0.9230769230769231 0.10096153846153846 0.15264423076923078
1 0.2536057692307692 0.9242788461538461 0.10576923076923077 0.14543269230769232
0 0.3786057692307692 0.9338942307692307 0.11298076923076923 0.13221153846153846
1 0.02403846153846154 0.9326923076923077 0.046875 0.12860576923076922