1 0.6237980769230769 0.5072115384615384 0.057692307692307696 0.08413461538461539
1 0.6286057692307693 0.5108173076923077 0.05048076923076923 0.07572115384615384
1 0.4266826923076923 0.5228365384615384 0.05889423076923077 0.08653846153846154
0 0.5817307692307693 0.5372596153846154 0.040865384615384616 0.038461538461538464
0 0.47836538461538464 0.5420673076923077 0.037259615384615384 0.036057692307692304
0 0.5252403846153846 0.5432692307692307 0.03485576923076923 0.038461538461538464
1 0.20673076923076922 0.5504807692307693 0.040865384615384616 0.06370192307692307
1 0.15264423076923078 0.5504807692307693 0.037259615384615384 0.06370192307692307
1 0.3173076923076923 0.5492788461538461 0.04326923076923077 0.0673076923076923
0 0.3713942307692308 0.5528846153846154 0.037259615384615384 0.042067307692307696
1 0.09615384615384616 0.5528846153846154 0.04567307692307692 0.06370192307692307
1 0.6862980769230769 0.5600961538461539 0.055288461538461536 0.07211538461538461
0 0.2668269230769231 0.5637019230769231 0.04567307692307692 0.046875
1 0.7536057692307693 0.5709134615384616 0.055288461538461536 0.09975961538461539
0 0.04927884615384615 0.5757211538461539 0.04807692307692308 0.046875
1 0.5612980769230769 0.578125 0.05889423076923077 0.07572115384615384
0 0.6225961538461539 0.5817307692307693 0.038461538461538464 0.06129807692307692
1 0.49759615384615385 0.6045673076923077 0.057692307692307696 0.09975961538461539
1 0.3581730769230769 0.6105769230769231 0.04807692307692308 0.07211538461538461
1 0.21754807692307693 0.6237980769230769 0.05048076923076923 0.07211538461538461
1 0.6911057692307693 0.6310096153846154 0.05889423076923077 0.10817307692307693
0 0.2824519230769231 0.6298076923076923 0.056490384615384616 0.038461538461538464
1 0.07451923076923077 0.6310096153846154 0.04807692307692308 0.052884615384615384
0 0.1502403846153846 0.6310096153846154 0.055288461538461536 0.046875
0 0.4387019230769231 0.6346153846153846 0.057692307692307696 0.07211538461538461
1 0.8293269230769231 0.6382211538461539 0.06971153846153846 0.0889423076923077
1 0.6237980769230769 0.6574519230769231 0.05889423076923077 0.09495192307692307
0 0.7668269230769231 0.6694711538461539 0.04807692307692308 0.07572115384615384
1 0.30649038461538464 0.6754807692307693 0.05889423076923077 0.09735576923076923
1 0.5673076923076923 0.6754807692307693 0.0625 0.09735576923076923
1 0.39903846153846156 0.6911057692307693 0.06971153846153846 0.10576923076923077
1 0.04567307692307692 0.7043269230769231 0.06370192307692307 0.10576923076923077
1 0.12860576923076922 0.7055288461538461 0.0673076923076923 0.1201923076923077
1 0.2283653846153846 0.7091346153846154 0.06129807692307692 0.09134615384615384
0 0.4831730769230769 0.7259615384615384 0.06850961538461539 0.09134615384615384
1 0.953125 0.8485576923076923 0.08774038461538461 0.14783653846153846
1 0.6310096153846154 0.8665865384615384 0.09014423076923077 0.18990384615384615
1 0.8389423076923077 0.8701923076923077 0.09014423076923077 0.17548076923076922
1 0.7391826923076923 0.8918269230769231 0.08413461538461539 0.1778846153846154
1 0.12139423076923077 0.9086538461538461 0.09375 0.18269230769230768
1 0.5072115384615384 0.9254807692307693 0.10576923076923077 0.14903846153846154
1 0.2608173076923077 0.9375 0.10336538461538461 0.125
0 0.38341346153846156 0.9362980769230769 0.11057692307692307 0.12259615384615384
1 0.021634615384615384 0.9399038461538461 0.042067307692307696 0.1141826923076923