1 0.42427884615384615 0.5300480769230769 0.055288461538461536 0.07572115384615384
0 0.5276442307692307 0.5288461538461539 0.036057692307692304 0.03365384615384615
1 0.31971153846153844 0.5372596153846154 0.05048076923076923 0.06129807692307692
0 0.5745192307692307 0.5372596153846154 0.040865384615384616 0.04447115384615385
1 0.20793269230769232 0.5432692307692307 0.05048076923076923 0.0673076923076923
0 0.47596153846153844 0.5456730769230769 0.038461538461538464 0.038461538461538464
1 0.1502403846153846 0.5504807692307693 0.038461538461538464 0.06370192307692307
1 0.6814903846153846 0.5504807692307693 0.057692307692307696 0.05889423076923077
1 0.09975961538461539 0.5528846153846154 0.04567307692307692 0.05889423076923077
0 0.36899038461538464 0.5552884615384616 0.046875 0.046875
1 0.75 0.5637019230769231 0.046875 0.07572115384615384
0 0.2644230769230769 0.5673076923076923 0.04326923076923077 0.052884615384615384
1 0.5661057692307693 0.5757211538461539 0.051682692307692304 0.07572115384615384
0 0.04326923076923077 0.5757211538461539 0.037259615384615384 0.052884615384615384
1 0.5024038461538461 0.5913461538461539 0.051682692307692304 0.07572115384615384
1 0.34975961538461536 0.6141826923076923 0.046875 0.06370192307692307
1 0.21995192307692307 0.6237980769230769 0.04807692307692308 0.0673076923076923
1 0.07211538461538461 0.6237980769230769 0.052884615384615384 0.055288461538461536
0 0.44711538461538464 0.6322115384615384 0.055288461538461536 0.05048076923076923
1 0.6995192307692307 0.6394230769230769 0.055288461538461536 0.09735576923076923
1 0.8221153846153846 0.640625 0.078125 0.09495192307692307
1 0.6310096153846154 0.6586538461538461 0.04807692307692308 0.08653846153846154
0 0.7620192307692307 0.6634615384615384 0.042067307692307696 0.07211538461538461
1 0.5649038461538461 0.6742788461538461 0.06370192307692307 0.09495192307692307
1 0.30528846153846156 0.6899038461538461 0.05889423076923077 0.10817307692307693
1 0.39903846153846156 0.6911057692307693 0.07211538461538461 0.11177884615384616
1 0.23076923076923078 0.7079326923076923 0.0625 0.09495192307692307
0 0.4879807692307692 0.7103365384615384 0.057692307692307696 0.09495192307692307
1 0.1310096153846154 0.7115384615384616 0.0673076923076923 0.1201923076923077
1 0.04807692307692308 0.7163461538461539 0.06370192307692307 0.11177884615384616
1 0.9519230769230769 0.84375 0.09495192307692307 0.13341346153846154
1 0.8365384615384616 0.8569711538461539 0.08774038461538461 0.14182692307692307
1 0.6310096153846154 0.8774038461538461 0.0889423076923077 0.18990384615384615
1 0.7415865384615384 0.8930288461538461 0.08653846153846154 0.16466346153846154
1 0.11778846153846154 0.9146634615384616 0.09735576923076923 0.16466346153846154
1 0.5072115384615384 0.9230769230769231 0.10336538461538461 0.14783653846153846
1 0.25961538461538464 0.9314903846153846 0.0985576923076923 0.1310096153846154
0 0.38461538461538464 0.9338942307692307 0.11538461538461539 0.13221153846153846
1 0.018028846153846152 0.9338942307692307 0.036057692307692304 0.13221153846153846