1 0.4254807692307692 0.39302884615384615 0.05048076923076923 0.06850961538461539
1 0.35096153846153844 0.39903846153846156 0.07692307692307693 0.08173076923076923
0 0.31490384615384615 0.4411057692307692 0.055288461538461536 0.06850961538461539
1 0.17307692307692307 0.44471153846153844 0.10576923076923077 0.12740384615384615
1 0.6838942307692307 0.4879807692307692 0.13221153846153846 0.0829326923076923
0 0.09495192307692307 0.5132211538461539 0.0673076923076923 0.09014423076923077
0 0.6057692307692307 0.6057692307692307 0.09014423076923077 0.07451923076923077
0 0.53125 0.6682692307692307 0.078125 0.09014423076923077
1 0.4483173076923077 0.7067307692307693 0.125 0.15865384615384615
1 0.2776442307692308 0.7548076923076923 0.18269230769230768 0.21033653846153846
0 0.0985576923076923 0.8725961538461539 0.1310096153846154 0.21634615384615385