1 0.6310096153846154 0.5192307692307693 0.04807692307692308 0.08052884615384616
1 0.421875 0.5300480769230769 0.04326923076923077 0.07572115384615384
0 0.5817307692307693 0.5348557692307693 0.042067307692307696 0.05048076923076923
0 0.5300480769230769 0.5360576923076923 0.040865384615384616 0.046875
0 0.47836538461538464 0.5456730769230769 0.037259615384615384 0.04447115384615385
1 0.19951923076923078 0.5492788461538461 0.037259615384615384 0.07211538461538461
1 0.3245192307692308 0.5504807692307693 0.055288461538461536 0.06370192307692307
1 0.09375 0.5528846153846154 0.040865384615384616 0.07572115384615384
1 0.1502403846153846 0.5540865384615384 0.038461538461538464 0.07211538461538461
0 0.3737980769230769 0.5600961538461539 0.04326923076923077 0.038461538461538464
1 0.6911057692307693 0.5600961538461539 0.052884615384615384 0.055288461538461536
1 0.7536057692307693 0.5721153846153846 0.056490384615384616 0.07572115384615384
0 0.265625 0.5709134615384616 0.040865384615384616 0.04447115384615385
0 0.04326923076923077 0.5793269230769231 0.037259615384615384 0.05048076923076923
1 0.0673076923076923 0.6334134615384616 0.046875 0.046875
0 0.4423076923076923 0.6322115384615384 0.05889423076923077 0.05048076923076923
1 0.7007211538461539 0.6430288461538461 0.06370192307692307 0.11658653846153846
1 0.828125 0.6502403846153846 0.06610576923076923 0.09735576923076923
1 0.6262019230769231 0.6610576923076923 0.057692307692307696 0.09735576923076923
0 0.7620192307692307 0.6682692307692307 0.040865384615384616 0.078125
1 0.5612980769230769 0.6730769230769231 0.06610576923076923 0.10817307692307693
1 0.30288461538461536 0.6814903846153846 0.0733173076923077 0.1141826923076923
1 0.3942307692307692 0.6911057692307693 0.0673076923076923 0.10576923076923077
1 0.22355769230769232 0.6995192307692307 0.06610576923076923 0.0889423076923077
1 0.1310096153846154 0.7055288461538461 0.06129807692307692 0.1141826923076923
0 0.47475961538461536 0.7079326923076923 0.07211538461538461 0.09495192307692307
1 0.04807692307692308 0.7103365384615384 0.06370192307692307 0.11177884615384616
1 0.6370192307692307 0.8774038461538461 0.11057692307692307 0.19471153846153846
1 0.7427884615384616 0.8822115384615384 0.0733173076923077 0.16466346153846154
1 0.11658653846153846 0.9230769230769231 0.1045673076923077 0.15264423076923078
1 0.5108173076923077 0.9254807692307693 0.10817307692307693 0.14903846153846154
1 0.25721153846153844 0.9314903846153846 0.10576923076923077 0.13701923076923078
1 0.020432692307692308 0.9314903846153846 0.040865384615384616 0.1310096153846154
0 0.38100961538461536 0.9399038461538461 0.11538461538461539 0.1141826923076923